等级	[曲线]1类型	[曲线]1运算	[曲线]1低值	[曲线]1高值	[曲线]2类型	[曲线]2运算	[曲线]2低值	[曲线]2高值	[曲线]3类型	[曲线]3运算	[曲线]3低值	[曲线]3高值	[曲线]4类型	[曲线]4运算	[曲线]4低值	[曲线]4高值	[曲线]5类型	[曲线]5运算	[曲线]5低值	[曲线]5高值	[曲线]6类型	[曲线]6运算	[曲线]6低值	[曲线]6高值	[曲线]7类型	[曲线]7运算	[曲线]7低值	[曲线]7高值	[曲线]8类型	[曲线]8运算	[曲线]8低值	[曲线]8高值
1	1	2	1	1	3	2	1	1	4	2	1	1	6	1	0	0	7	1	0	0	8	1	0	0	9	1	0	0	10	2	1	1
2	1	2	1.09	1.09	3	2	1.09	1.09	4	2	1	1	6	1	0	0	7	1	0	0	8	1	0	0	9	1	0	0	10	2	1	1
3	1	2	1.18	1.18	3	2	1.18	1.18	4	2	1	1	6	1	0	0	7	1	0	0	8	1	0	0	9	1	0	0	10	2	1	1
4	1	2	1.27	1.27	3	2	1.27	1.27	4	2	1	1	6	1	0	0	7	1	0	0	8	1	0	0	9	1	0	0	10	2	1	1
5	1	2	1.36	1.36	3	2	1.36	1.36	4	2	1	1	6	1	0	0	7	1	0	0	8	1	0	0	9	1	0	0	10	2	1	1
6	1	2	1.44	1.44	3	2	1.44	1.44	4	2	1	1	6	1	0	0	7	1	0	0	8	1	0	0	9	1	0	0	10	2	1	1
7	1	2	1.53	1.53	3	2	1.53	1.53	4	2	1	1	6	1	0	0	7	1	0	0	8	1	0	0	9	1	0	0	10	2	1	1
8	1	2	1.62	1.62	3	2	1.62	1.62	4	2	1	1	6	1	0	0	7	1	0	0	8	1	0	0	9	1	0	0	10	2	1	1
9	1	2	1.71	1.71	3	2	1.71	1.71	4	2	1	1	6	1	0	0	7	1	0	0	8	1	0	0	9	1	0	0	10	2	1	1
10	1	2	1.8	1.8	3	2	1.8	1.8	4	2	1	1	6	1	0	0	7	1	0	0	8	1	0	0	9	1	0	0	10	2	1	1
11	1	2	1.94	1.94	3	2	1.94	1.94	4	2	1	1	6	1	0	0	7	1	0	0	8	1	0	0	9	1	0	0	10	2	1	1
12	1	2	2.09	2.09	3	2	2.09	2.09	4	2	1	1	6	1	0	0	7	1	0	0	8	1	0	0	9	1	0	0	10	2	1	1
13	1	2	2.23	2.23	3	2	2.23	2.23	4	2	1	1	6	1	0	0	7	1	0	0	8	1	0	0	9	1	0	0	10	2	1	1
14	1	2	2.38	2.38	3	2	2.38	2.38	4	2	1	1	6	1	0	0	7	1	0	0	8	1	0	0	9	1	0	0	10	2	1	1
15	1	2	2.52	2.52	3	2	2.52	2.52	4	2	1	1	6	1	0	0	7	1	0	0	8	1	0	0	9	1	0	0	10	2	1	1
16	1	2	2.66	2.66	3	2	2.66	2.66	4	2	1	1	6	1	0	0	7	1	0	0	8	1	0	0	9	1	0	0	10	2	1	1
17	1	2	2.81	2.81	3	2	2.81	2.81	4	2	1	1	6	1	0	0	7	1	0	0	8	1	0	0	9	1	0	0	10	2	1	1
18	1	2	2.95	2.95	3	2	2.95	2.95	4	2	1	1	6	1	0	0	7	1	0	0	8	1	0	0	9	1	0	0	10	2	1	1
19	1	2	3.1	3.1	3	2	3.1	3.1	4	2	1	1	6	1	0	0	7	1	0	0	8	1	0	0	9	1	0	0	10	2	1	1
20	1	2	3.24	3.24	3	2	3.24	3.24	4	2	1	1	6	1	0	0	7	1	0	2	8	1	2	4	9	1	0	0	10	2	1	1
21	1	2	3.5	3.5	3	2	3.5	3.5	4	2	1	1	6	1	0	0	7	1	0	2	8	1	2	4	9	1	0	0	10	2	1	1
22	1	2	3.76	3.76	3	2	3.76	3.76	4	2	1	1	6	1	0	0	7	1	0	2	8	1	2	4	9	1	0	0	10	2	1	1
23	1	2	4.02	4.02	3	2	4.02	4.02	4	2	1	1	6	1	0	0	7	1	0	2	8	1	2	4	9	1	0	0	10	2	1	1
24	1	2	4.28	4.28	3	2	4.28	4.28	4	2	1	1	6	1	0	0	7	1	0	2	8	1	2	4	9	1	0	0	10	2	1	1
25	1	2	4.54	4.54	3	2	4.54	4.54	4	2	1	1	6	1	0	0	7	1	0	2	8	1	2	4	9	1	0	0	10	2	1	1
26	1	2	4.79	4.79	3	2	4.79	4.79	4	2	1	1	6	1	0	0	7	1	0	2	8	1	2	4	9	1	0	0	10	2	1	1
27	1	2	5.05	5.05	3	2	5.05	5.05	4	2	1	1	6	1	0	0	7	1	0	2	8	1	2	4	9	1	0	0	10	2	1	1
28	1	2	5.31	5.31	3	2	5.31	5.31	4	2	1	1	6	1	0	0	7	1	0	2	8	1	2	4	9	1	0	0	10	2	1	1
29	1	2	5.57	5.57	3	2	5.57	5.57	4	2	1	1	6	1	0	0	7	1	0	2	8	1	2	4	9	1	0	0	10	2	1	1
30	1	2	5.83	5.83	3	2	5.83	5.83	4	2	1	1	6	1	0	0	7	1	0	2	8	1	2	4	9	1	0	0	10	2	1	1
31	1	2	6.3	6.3	3	2	6.3	6.3	4	2	1	1	6	1	0	0	7	1	0	2	8	1	2	4	9	1	0	0	10	2	1	1
32	1	2	6.76	6.76	3	2	6.76	6.76	4	2	1	1	6	1	0	0	7	1	0	2	8	1	2	4	9	1	0	0	10	2	1	1
33	1	2	7.23	7.23	3	2	7.23	7.23	4	2	1	1	6	1	0	0	7	1	0	2	8	1	2	4	9	1	0	0	10	2	1	1
34	1	2	7.69	7.69	3	2	7.69	7.69	4	2	1	1	6	1	0	0	7	1	0	2	8	1	2	4	9	1	0	0	10	2	1	1
35	1	2	8.16	8.16	3	2	8.16	8.16	4	2	1	1	6	1	0	0	7	1	0	2	8	1	2	4	9	1	0	0	10	2	1	1
36	1	2	8.63	8.63	3	2	8.63	8.63	4	2	1	1	6	1	0	0	7	1	0	2	8	1	2	4	9	1	0	0	10	2	1	1
37	1	2	9.09	9.09	3	2	9.09	9.09	4	2	1	1	6	1	0	0	7	1	0	2	8	1	2	4	9	1	0	0	10	2	1	1
38	1	2	9.56	9.56	3	2	9.56	9.56	4	2	1	1	6	1	0	0	7	1	0	2	8	1	2	4	9	1	0	0	10	2	1	1
39	1	2	10.02	10.02	3	2	10.02	10.02	4	2	1	1	6	1	0	0	7	1	0	2	8	1	2	4	9	1	0	0	10	2	1	1
40	1	2	10.49	10.49	3	2	10.49	10.49	4	2	1	1	6	1	0	0	7	1	0	2	8	1	2	4	9	1	0	0	10	2	1	1
41	1	2	11.33	11.33	3	2	11.33	11.33	4	2	1	1	6	1	0	0	7	1	0	2	8	1	2	4	9	1	0	0	10	2	1	1
42	1	2	12.17	12.17	3	2	12.17	12.17	4	2	1	1	6	1	0	0	7	1	0	2	8	1	2	4	9	1	0	0	10	2	1	1
43	1	2	13.01	13.01	3	2	13.01	13.01	4	2	1	1	6	1	0	0	7	1	0	2	8	1	2	4	9	1	0	0	10	2	1	1
44	1	2	13.85	13.85	3	2	13.85	13.85	4	2	1	1	6	1	0	0	7	1	0	2	8	1	2	4	9	1	0	0	10	2	1	1
45	1	2	14.69	14.69	3	2	14.69	14.69	4	2	1	1	6	1	0	0	7	1	0	2	8	1	2	4	9	1	0	0	10	2	1	1
46	1	2	15.52	15.52	3	2	15.52	15.52	4	2	1	1	6	1	0	0	7	1	0	2	8	1	2	4	9	1	0	0	10	2	1	1
47	1	2	16.36	16.36	3	2	16.36	16.36	4	2	1	1	6	1	0	0	7	1	0	2	8	1	2	4	9	1	0	0	10	2	1	1
48	1	2	17.2	17.2	3	2	17.2	17.2	4	2	1	1	6	1	0	0	7	1	0	2	8	1	2	4	9	1	0	0	10	2	1	1
49	1	2	18.04	18.04	3	2	18.04	18.04	4	2	1	1	6	1	0	0	7	1	0	2	8	1	2	4	9	1	0	0	10	2	1	1
50	1	2	18.88	18.88	3	2	18.88	18.88	4	2	1	1	6	1	0	0	7	1	0	2	8	1	2	4	9	1	0	0	10	2	1	1
