掉落ID	随机策略	随机次数	子掉落ID	子掉落ID权重
100010	2		1000100	5000
100011	2		1000110	6667
100012	2		1000120	6667
100013	2		1000130	6667
100014	2		1000140	6667
100015	2		1000150	6667
100016	2		1000160	6667
100017	2		1000170	6667
100020			1000200	10000
100021			1000210	10000
100022			1000220	10000
100023			1000230	10000
100024			1000240	10000
100025			1000250	10000
100026			1000260	10000
100027			1000270	10000
100030			1000300	10000
101010			1010100	10000
101011			1010110	10000
101012			1010120	10000
101013			1010130	10000
101014			1010140	10000
101015			1010150	10000
101016			1010160	10000
101017			1010170	10000
101020			1010200	10000
101021			1010210	10000
101022			1010220	10000
101023			1010230	10000
101024			1010240	10000
101025			1010250	10000
101026			1010260	10000
101027			1010270	10000
101030			1010300	10000
101031			1010310	10000
101032			1010320	10000
101033			1010330	10000
101034			1010340	10000
101035			1010350	10000
101036			1010360	10000
101037			1010370	10000
105020			1050200	10000
105021			1050210	10000
105022			1050220	10000
105023			1050230	10000
105024			1050240	10000
105025			1050250	10000
105026			1050260	10000
105027			1050270	10000
110010			1100100	10000
110011			1100110	10000
110020			1100200	10000
110021			1100210	10000
180001			1800010	10000
180002			1800020	10000
181001	2		4032210	10000
181001	2		4032211	10000
181001	2		1810010	10000
181002	2		4031210	10000
181002	2		4031211	10000
181002	2		1810010	10000
190001			1900010	10000
190002			1900020	10000
200601			200601	10000
200701			200701	10000
200702			200702	10000
200703			200703	10000
200704			200704	10000
200705			200705	10000
201000			201000	10000
201001			201001	10000
201002			201002	10000
201003			201003	10000
201004			201004	10000
201005			201005	10000
201006			201006	10000
201007			201007	10000
201008			201008	10000
210101			2101010	10000
210201			2102010	10000
210301			2103010	10000
210401			2104010	10000
211001			2110010	10000
211101			2111010	10000
211201			2112010	10000
211301			2113010	10000
212101			2121010	10000
212201			2122010	10000
212301			2123010	10000
212401			2124010	10000
212501			2125010	10000
212601			2126010	10000
212701			2127010	10000
303101	2		3031010	10000
303102	2		3031020	10000
303103	2		3031030	10000
303104	2		3031040	10000
303105	2		3031050	10000
303121	2		3031210	10000
303122	2		3031220	10000
303123	2		3031230	10000
303124	2		3031240	10000
303125	2		3031250	10000
303141	2		3031410	10000
303142	2		3031420	10000
303143	2		3031430	10000
303144	2		3031440	10000
303145	2		3031450	10000
303101	2		4103	2000
303102	2		4103	2000
303103	2		4101	2000
303104	2		4101	2000
303105	2		4101	2000
303121	2		4103	4000
303122	2		4103	4000
303123	2		4102	4000
303124	2		4102	4000
303125	2		4102	4000
303141	2		4103	4000
303142	2		4103	4000
303143	2		4102	4000
303144	2		4102	4000
303145	2		4102	4000
303001			3030010	10000
303002			3030020	10000
303003			3030030	10000
303004			3030040	10000
303005			3030050	10000
303041			3030410	10000
303042			3030420	10000
303043			3030430	10000
303044			3030440	10000
303045			3030450	10000
400001			4000010	10000
400002			4000020	4000
400101			4001010	10000
400102	2		4001020	1500
400102	2		4011	4200
400103	2		4001030	1500
400103	2		4011	4200
400104	2		4001040	1500
400104	2		4011	4200
403020	2		4030200	10000
403021	2		4030210	10000
403022	2		4030220	10000
403020	2		4030201	10000
403021	2		4030211	10000
403022	2		2003	10000
500001			5000010	10000
946201			9462010	10000
937501	2		9375010	10000
937501	2		4011	2000
1000701			10007010	10000
1000702			10007020	10000
1100201			11002010	10000
1100202			11002020	10000
1300101			13001010	10000
1300102			13001020	10000
1300201			13002010	10000
1000100	2		10001000	10000
1100100	2		11001000	10000
1100300	2		11003000	10000
1001000	2		10010000	10000
1400100	2		14001000	10000
1400200	2		14002000	10000
1400300	2		14003000	10000
1400400	2		14004000	10000
1400700	2		14007000	10000
1400800	2		14008000	10000
1400900	2		14009000	10000
1400600	2		14006000	10000
1400500	2		14005000	10000
1200000	2		12000000	10000
1000104	2		10001040	10000
1100304	2		11003040	10000
1001004	2		10010040	10000
1400604	2		14006040	10000
1000102	2		10001020	10000
1100102	2		11001020	10000
1100302	2		11003020	10000
1001002	2		10010020	10000
1400302	2		14003020	10000
1400402	2		14004020	10000
1400702	2		14007020	10000
1400602	2		14006020	10000
1400502	2		14005020	10000
1200002	2		12000020	10000
1100301	2		11003010	10000
1001001	2		10010010	10000
1400201	2		14002010	10000
1400301	2		14003010	10000
1400401	2		14004010	10000
1400901	2		14009010	10000
1400601	2		14006010	10000
1200001	2		12000010	10000
1100100	2		11001001	10000
1100300	2		11003001	10000
1001000	2		2003	10000
1400100	2		14001001	10000
1400200	2		14002001	10000
1400700	2		14007001	10000
1400800	2		14008001	10000
1400300	2		2101	10000
1400400	2		2102	10000
1400900	2		2103	10000
1400600	2		2104	10000
1400500	2		2105	10000
1000104	2		10001041	10000
1100304	2		11003041	10000
1001004	2		10010041	10000
1400604	2		14006041	10000
1000102	2		10001021	10000
1100102	2		11001021	10000
1100302	2		11003021	10000
1001002	2		10010021	10000
1400302	2		14003021	10000
1400402	2		14004021	10000
1400702	2		14007021	10000
1400602	2		14006021	10000
1400502	2		14005021	10000
1200002	2		12000021	7000
1100301	2		11003011	3000
1001001	2		10010011	3000
1400201	2		14002011	3000
1400301	2		14003011	3000
1400401	2		14004011	3000
1400901	2		14009011	3000
1400601	2		14006011	3000
1200001	2		12000011	3000
1000104	2		4002	1000
1100304	2		4002	1000
1001004	2		4002	1000
1400604	2		4002	1000
1000102	2		4001	3000
1100102	2		4001	3000
1100302	2		4001	3000
1001002	2		4001	3000
1400302	2		4001	3000
1400402	2		4001	3000
1400702	2		4001	3000
1400602	2		4001	3000
1400502	2		4001	3000
1200002	2		4001	3000
1100301	2		4001	3000
1001001	2		4001	3000
1400201	2		4001	3000
1400301	2		4001	3000
1400401	2		4001	3000
1400901	2		4001	3000
1400601	2		4001	3000
1200001	2		4001	3000
1000104	2		2001	667
1100304	2		2001	667
1001004	2		2001	667
1400604	2		2001	667
1000104	2		2003	333
1100304	2		2003	333
1001004	2		2003	333
1400604	2		2003	333
1000109	2		10001090	10000
1100109	2		11001090	10000
1100309	2		11003090	10000
1200009	2		12000090	10000
403100	2		4031000	10000
403101	2		4031010	10000
403102	2		4031020	10000
403103	2		4031030	10000
403104	2		4031040	10000
403105	2		4031050	10000
403120	2		4031200	10000
403121	2		4031210	10000
403122	2		4031220	10000
403123	2		4031230	10000
403124	2		4031240	10000
403125	2		4031250	10000
403140	2		4031400	10000
403141	2		4031410	10000
403142	2		4031420	10000
403143	2		4031430	10000
403144	2		4031440	10000
403145	2		4031450	10000
403220	2		4032200	10000
403221	2		4032210	10000
403222	2		4032220	10000
403223	2		4032230	10000
403224	2		4032240	10000
403225	2		4032250	10000
403240	2		4032400	10000
403241	2		4032410	10000
403242	2		4032420	10000
403243	2		4032430	10000
403244	2		4032440	10000
403245	2		4032450	10000
403300	2		4033000	10000
403301	2		4033010	10000
403302	2		4033020	10000
403303	2		4033030	10000
403304	2		4033040	10000
403305	2		4033050	10000
403320	2		4033200	10000
403321	2		4033210	10000
403322	2		4033220	10000
403323	2		4033230	10000
403324	2		4033240	10000
403325	2		4033250	10000
403340	2		4033400	10000
403341	2		4033410	10000
403342	2		4033420	10000
403343	2		4033430	10000
403344	2		4033440	10000
403345	2		4033450	10000
403100	2		4031001	10000
403101	2		4031011	10000
403102	2		4031021	10000
403103	2		4031031	10000
403104	2		4031041	10000
403105	2		4031051	10000
403120	2		4031201	10000
403121	2		4031211	10000
403122	2		4031221	10000
403123	2		4031231	10000
403124	2		4031241	10000
403125	2		4031251	10000
403140	2		4031401	10000
403141	2		4031411	10000
403142	2		4031421	10000
403143	2		4031431	10000
403144	2		4031441	10000
403145	2		4031451	10000
403220	2		4032201	10000
403221	2		4032211	10000
403222	2		4032221	10000
403223	2		4032231	10000
403224	2		4032241	10000
403225	2		4032251	10000
403240	2		4032401	10000
403241	2		4032411	10000
403242	2		4032421	10000
403243	2		4032431	10000
403244	2		4032441	10000
403245	2		4032451	10000
403300	2		4033001	10000
403301	2		4033011	10000
403302	2		4033021	10000
403303	2		4033031	10000
403304	2		4033041	10000
403305	2		4033051	10000
403320	2		4033201	10000
403321	2		4033211	10000
403322	2		4033221	10000
403323	2		4033231	10000
403324	2		4033241	10000
403325	2		4033251	10000
403340	2		4033401	10000
403341	2		4033411	10000
403342	2		4033421	10000
403343	2		4033431	10000
403344	2		4033441	10000
403345	2		4033451	10000
403102	2		2000	2000
403103	2		2011	4000
403104	2		2012	4000
403105	2		2012	4000
403122	2		2000	3000
403123	2		2021	6000
403124	2		2022	6000
403125	2		2022	6000
403142	2		2000	5000
403143	2		2031	10000
403144	2		2032	10000
403145	2		2032	10000
403222	2		2000	2000
403223	2		2011	4000
403224	2		2012	4000
403225	2		2012	4000
403242	2		2000	3000
403243	2		2021	6000
403244	2		2022	6000
403245	2		2022	6000
403342	2		2000	2000
403343	2		2011	4000
403344	2		2012	4000
403345	2		2012	4000
403102	2		4101	2000
403103	2		4102	2000
403104	2		4102	2000
403105	2		4102	2000
403122	2		4101	2000
403123	2		4102	2000
403124	2		4102	2000
403125	2		4102	2000
403142	2		4101	2000
403143	2		4102	2000
403144	2		4102	2000
403145	2		4102	2000
403222	2		4101	2000
403223	2		4102	2000
403224	2		4102	2000
403225	2		4102	2000
403242	2		4101	2000
403243	2		4102	2000
403244	2		4102	2000
403245	2		4102	2000
403322	2		4101	1500
403323	2		4101	1500
403324	2		4101	1500
403325	2		4101	1500
403342	2		4101	2000
403343	2		4102	2000
403344	2		4102	2000
403345	2		4102	2000
303000			3030010	10000
403101	2		4031012	10000
403102	2		4031022	10000
403103	2		4031032	10000
403104	2		4031042	10000
403105	2		4031052	10000
403121	2		4031212	10000
403122	2		4031222	10000
403123	2		4031232	10000
403124	2		4031242	10000
403125	2		4031252	10000
403141	2		4031412	10000
403142	2		4031422	10000
403143	2		4031432	10000
403144	2		4031442	10000
403145	2		4031452	10000
403221	2		4032212	10000
403222	2		4032222	10000
403223	2		4032232	10000
403224	2		4032242	10000
403225	2		4032252	10000
403241	2		4032412	10000
403242	2		4032422	10000
403243	2		4032432	10000
403244	2		4032442	10000
403245	2		4032452	10000
403301	2		4033012	10000
403302	2		4033022	10000
403303	2		4033032	10000
403304	2		4033042	10000
403305	2		4033052	10000
403321	2		4033212	10000
403322	2		4033222	10000
403323	2		4033232	10000
403324	2		4033242	10000
403325	2		4033252	10000
403341	2		4033412	10000
403342	2		4033422	10000
403343	2		4033432	10000
403344	2		4033442	10000
403345	2		4033452	10000
403263	2		4032630	10000
403264	2		4032640	10000
403265	2		4032650	10000
403263	2		4032631	10000
403264	2		4032641	10000
403265	2		4032651	10000
403263	2		4032632	10000
403264	2		4032642	10000
403265	2		4032652	10000
403283	2		4032830	10000
1300400	2		13004000	10000
1300401	2		13004010	10000
1300402	2		13004020	10000
1300404	2		13004040	10000
1300400	2		2331	10000
1300401	2		13004011	10000
1300402	2		13004021	10000
1300404	2		13004041	10000
1300401	2		4001	3000
1300402	2		4001	3000
1300404	2		4002	1000
1300404	2		2003	1000
303126	2		3031260	10000
303126	2		4102	4000
