ID	类型	重量	排序权重	物件ID	可丢弃	使用等级	圣遗物类别	阶数	主属性库ID	追加属性库ID	追加属性初始条数	套装ID	突破等级上限	基础转化经验
20002	3	1	10	70600041	0	0	5	0	2000	101	0		0	1240
20004	3	1	10	70600041	0	0	1	0	4000	101	0		0	1240
23333	3	1	10	70600041	0	0	3	1	4000	999	2		0	500000
51110	3	1	10	70600041	0	12	4	1	5000	101	0	10001	2	1860
51111	3	1	10	70600041	0	12	4	1	5000	101	1	10001	2	2070
51112	3	1	10	70600041	0	12	4	1	5000	101	2	10001	2	2300
51113	3	1	10	70600041	0	12	4	1	5000	101	3	10001	2	2560
51114	3	1	10	70600041	0	12	4	1	5000	101	4	10001	2	2850
51120	3	1	10	70600041	0	0	5	1	2000	101	0	10001	2	1860
51121	3	1	10	70600041	0	0	5	1	2000	101	1	10001	2	2070
51122	3	1	10	70600041	0	0	5	1	2000	101	2	10001	2	2300
51123	3	1	10	70600041	0	0	5	1	2000	101	3	10001	2	2560
51124	3	1	10	70600041	0	0	5	1	2000	101	4	10001	2	2850
51130	3	1	10	70600041	0	10	2	1	3000	101	0	10001	2	1860
51131	3	1	10	70600041	0	10	2	1	3000	101	1	10001	2	2070
51132	3	1	10	70600041	0	10	2	1	3000	101	2	10001	2	2300
51133	3	1	10	70600041	0	10	2	1	3000	101	3	10001	2	2560
51134	3	1	10	70600041	0	10	2	1	3000	101	4	10001	2	2850
51140	3	1	10	70600041	0	0	1	1	4000	101	0	10001	2	1860
51141	3	1	10	70600041	0	0	1	1	4000	101	1	10001	2	2070
51142	3	1	10	70600041	0	0	1	1	4000	101	2	10001	2	2300
51143	3	1	10	70600041	0	0	1	1	4000	101	3	10001	2	2560
51144	3	1	10	70600041	0	0	1	1	4000	101	4	10001	2	2850
51150	3	1	10	70600041	0	8	3	1	1000	101	0	10001	2	1860
51151	3	1	10	70600041	0	8	3	1	1000	101	1	10001	2	2070
51152	3	1	10	70600041	0	8	3	1	1000	101	2	10001	2	2300
51153	3	1	10	70600041	0	8	3	1	1000	101	3	10001	2	2560
51154	3	1	10	70600041	0	8	3	1	1000	101	4	10001	2	2850
51210	3	1	10	70600042	0	12	4	2	5000	201	0	10001	2	2490
51211	3	1	10	70600042	0	12	4	2	5000	201	1	10001	2	2770
51212	3	1	10	70600042	0	12	4	2	5000	201	2	10001	2	3070
51213	3	1	10	70600042	0	12	4	2	5000	201	3	10001	2	3420
51214	3	1	10	70600042	0	12	4	2	5000	201	4	10001	2	3800
51220	3	1	10	70600042	0	0	5	2	2000	201	0	10001	2	2490
51221	3	1	10	70600042	0	0	5	2	2000	201	1	10001	2	2770
51222	3	1	10	70600042	0	0	5	2	2000	201	2	10001	2	3070
51223	3	1	10	70600042	0	0	5	2	2000	201	3	10001	2	3420
51224	3	1	10	70600042	0	0	5	2	2000	201	4	10001	2	3800
51230	3	1	10	70600042	0	10	2	2	3000	201	0	10001	2	2490
51231	3	1	10	70600042	0	10	2	2	3000	201	1	10001	2	2770
51232	3	1	10	70600042	0	10	2	2	3000	201	2	10001	2	3070
51233	3	1	10	70600042	0	10	2	2	3000	201	3	10001	2	3420
51234	3	1	10	70600042	0	10	2	2	3000	201	4	10001	2	3800
51240	3	1	10	70600042	0	0	1	2	4000	201	0	10001	2	2490
51241	3	1	10	70600042	0	0	1	2	4000	201	1	10001	2	2770
51242	3	1	10	70600042	0	0	1	2	4000	201	2	10001	2	3070
51243	3	1	10	70600042	0	0	1	2	4000	201	3	10001	2	3420
51244	3	1	10	70600042	0	0	1	2	4000	201	4	10001	2	3800
51250	3	1	10	70600042	0	8	3	2	1000	201	0	10001	2	2490
51251	3	1	10	70600042	0	8	3	2	1000	201	1	10001	2	2770
51252	3	1	10	70600042	0	8	3	2	1000	201	2	10001	2	3070
51253	3	1	10	70600042	0	8	3	2	1000	201	3	10001	2	3420
51254	3	1	10	70600042	0	8	3	2	1000	201	4	10001	2	3800
52110	3	1	10	70600041	0	12	4	1	5000	101	0	10002	2	1860
52111	3	1	10	70600041	0	12	4	1	5000	101	1	10002	2	2070
52112	3	1	10	70600041	0	12	4	1	5000	101	2	10002	2	2300
52113	3	1	10	70600041	0	12	4	1	5000	101	3	10002	2	2560
52114	3	1	10	70600041	0	12	4	1	5000	101	4	10002	2	2850
52120	3	1	10	70600041	0	0	5	1	2000	101	0	10002	2	1860
52121	3	1	10	70600041	0	0	5	1	2000	101	1	10002	2	2070
52122	3	1	10	70600041	0	0	5	1	2000	101	2	10002	2	2300
52123	3	1	10	70600041	0	0	5	1	2000	101	3	10002	2	2560
52124	3	1	10	70600041	0	0	5	1	2000	101	4	10002	2	2850
52130	3	1	10	70600041	0	10	2	1	3000	101	0	10002	2	1860
52131	3	1	10	70600041	0	10	2	1	3000	101	1	10002	2	2070
52132	3	1	10	70600041	0	10	2	1	3000	101	2	10002	2	2300
52133	3	1	10	70600041	0	10	2	1	3000	101	3	10002	2	2560
52134	3	1	10	70600041	0	10	2	1	3000	101	4	10002	2	2850
52140	3	1	10	70600041	0	0	1	1	4000	101	0	10002	2	1860
52141	3	1	10	70600041	0	0	1	1	4000	101	1	10002	2	2070
52142	3	1	10	70600041	0	0	1	1	4000	101	2	10002	2	2300
52143	3	1	10	70600041	0	0	1	1	4000	101	3	10002	2	2560
52144	3	1	10	70600041	0	0	1	1	4000	101	4	10002	2	2850
52150	3	1	10	70600041	0	8	3	1	1000	101	0	10002	2	1860
52151	3	1	10	70600041	0	8	3	1	1000	101	1	10002	2	2070
52152	3	1	10	70600041	0	8	3	1	1000	101	2	10002	2	2300
52153	3	1	10	70600041	0	8	3	1	1000	101	3	10002	2	2560
52154	3	1	10	70600041	0	8	3	1	1000	101	4	10002	2	2850
52210	3	1	10	70600042	0	12	4	2	5000	201	0	10002	2	2490
52211	3	1	10	70600042	0	12	4	2	5000	201	1	10002	2	2770
52212	3	1	10	70600042	0	12	4	2	5000	201	2	10002	2	3070
52213	3	1	10	70600042	0	12	4	2	5000	201	3	10002	2	3420
52214	3	1	10	70600042	0	12	4	2	5000	201	4	10002	2	3800
52220	3	1	10	70600042	0	0	5	2	2000	201	0	10002	2	2490
52221	3	1	10	70600042	0	0	5	2	2000	201	1	10002	2	2770
52222	3	1	10	70600042	0	0	5	2	2000	201	2	10002	2	3070
52223	3	1	10	70600042	0	0	5	2	2000	201	3	10002	2	3420
52224	3	1	10	70600042	0	0	5	2	2000	201	4	10002	2	3800
52230	3	1	10	70600042	0	10	2	2	3000	201	0	10002	2	2490
52231	3	1	10	70600042	0	10	2	2	3000	201	1	10002	2	2770
52232	3	1	10	70600042	0	10	2	2	3000	201	2	10002	2	3070
52233	3	1	10	70600042	0	10	2	2	3000	201	3	10002	2	3420
52234	3	1	10	70600042	0	10	2	2	3000	201	4	10002	2	3800
52240	3	1	10	70600042	0	0	1	2	4000	201	0	10002	2	2490
52241	3	1	10	70600042	0	0	1	2	4000	201	1	10002	2	2770
52242	3	1	10	70600042	0	0	1	2	4000	201	2	10002	2	3070
52243	3	1	10	70600042	0	0	1	2	4000	201	3	10002	2	3420
52244	3	1	10	70600042	0	0	1	2	4000	201	4	10002	2	3800
52250	3	1	10	70600042	0	8	3	2	1000	201	0	10002	2	2490
52251	3	1	10	70600042	0	8	3	2	1000	201	1	10002	2	2770
52252	3	1	10	70600042	0	8	3	2	1000	201	2	10002	2	3070
52253	3	1	10	70600042	0	8	3	2	1000	201	3	10002	2	3420
52254	3	1	10	70600042	0	8	3	2	1000	201	4	10002	2	3800
53110	3	1	10	70600041	0	12	4	1	5000	101	0	10003	2	1860
53111	3	1	10	70600041	0	12	4	1	5000	101	1	10003	2	2070
53112	3	1	10	70600041	0	12	4	1	5000	101	2	10003	2	2300
53113	3	1	10	70600041	0	12	4	1	5000	101	3	10003	2	2560
53114	3	1	10	70600041	0	12	4	1	5000	101	4	10003	2	2850
53120	3	1	10	70600041	0	0	5	1	2000	101	0	10003	2	1860
53121	3	1	10	70600041	0	0	5	1	2000	101	1	10003	2	2070
53122	3	1	10	70600041	0	0	5	1	2000	101	2	10003	2	2300
53123	3	1	10	70600041	0	0	5	1	2000	101	3	10003	2	2560
53124	3	1	10	70600041	0	0	5	1	2000	101	4	10003	2	2850
53130	3	1	10	70600041	0	10	2	1	3000	101	0	10003	2	1860
53131	3	1	10	70600041	0	10	2	1	3000	101	1	10003	2	2070
53132	3	1	10	70600041	0	10	2	1	3000	101	2	10003	2	2300
53133	3	1	10	70600041	0	10	2	1	3000	101	3	10003	2	2560
53134	3	1	10	70600041	0	10	2	1	3000	101	4	10003	2	2850
53140	3	1	10	70600041	0	0	1	1	4000	101	0	10003	2	1860
53141	3	1	10	70600041	0	0	1	1	4000	101	1	10003	2	2070
53142	3	1	10	70600041	0	0	1	1	4000	101	2	10003	2	2300
53143	3	1	10	70600041	0	0	1	1	4000	101	3	10003	2	2560
53144	3	1	10	70600041	0	0	1	1	4000	101	4	10003	2	2850
53150	3	1	10	70600041	0	8	3	1	1000	101	0	10003	2	1860
53151	3	1	10	70600041	0	8	3	1	1000	101	1	10003	2	2070
53152	3	1	10	70600041	0	8	3	1	1000	101	2	10003	2	2300
53153	3	1	10	70600041	0	8	3	1	1000	101	3	10003	2	2560
53154	3	1	10	70600041	0	8	3	1	1000	101	4	10003	2	2850
53210	3	1	10	70600042	0	12	4	2	5000	201	0	10003	2	2490
53211	3	1	10	70600042	0	12	4	2	5000	201	1	10003	2	2770
53212	3	1	10	70600042	0	12	4	2	5000	201	2	10003	2	3070
53213	3	1	10	70600042	0	12	4	2	5000	201	3	10003	2	3420
53214	3	1	10	70600042	0	12	4	2	5000	201	4	10003	2	3800
53220	3	1	10	70600042	0	0	5	2	2000	201	0	10003	2	2490
53221	3	1	10	70600042	0	0	5	2	2000	201	1	10003	2	2770
53222	3	1	10	70600042	0	0	5	2	2000	201	2	10003	2	3070
53223	3	1	10	70600042	0	0	5	2	2000	201	3	10003	2	3420
53224	3	1	10	70600042	0	0	5	2	2000	201	4	10003	2	3800
53230	3	1	10	70600042	0	10	2	2	3000	201	0	10003	2	2490
53231	3	1	10	70600042	0	10	2	2	3000	201	1	10003	2	2770
53232	3	1	10	70600042	0	10	2	2	3000	201	2	10003	2	3070
53233	3	1	10	70600042	0	10	2	2	3000	201	3	10003	2	3420
53234	3	1	10	70600042	0	10	2	2	3000	201	4	10003	2	3800
53240	3	1	10	70600042	0	0	1	2	4000	201	0	10003	2	2490
53241	3	1	10	70600042	0	0	1	2	4000	201	1	10003	2	2770
53242	3	1	10	70600042	0	0	1	2	4000	201	2	10003	2	3070
53243	3	1	10	70600042	0	0	1	2	4000	201	3	10003	2	3420
53244	3	1	10	70600042	0	0	1	2	4000	201	4	10003	2	3800
53250	3	1	10	70600042	0	8	3	2	1000	201	0	10003	2	2490
53251	3	1	10	70600042	0	8	3	2	1000	201	1	10003	2	2770
53252	3	1	10	70600042	0	8	3	2	1000	201	2	10003	2	3070
53253	3	1	10	70600042	0	8	3	2	1000	201	3	10003	2	3420
53254	3	1	10	70600042	0	8	3	2	1000	201	4	10003	2	3800
54210	3	1	10	70600042	0	12	4	2	5000	201	0	10004	2	2490
54211	3	1	10	70600042	0	12	4	2	5000	201	1	10004	2	2770
54212	3	1	10	70600042	0	12	4	2	5000	201	2	10004	2	3070
54213	3	1	10	70600042	0	12	4	2	5000	201	3	10004	2	3420
54214	3	1	10	70600042	0	12	4	2	5000	201	4	10004	2	3800
54220	3	1	10	70600042	0	0	5	2	2000	201	0	10004	2	2490
54221	3	1	10	70600042	0	0	5	2	2000	201	1	10004	2	2770
54222	3	1	10	70600042	0	0	5	2	2000	201	2	10004	2	3070
54223	3	1	10	70600042	0	0	5	2	2000	201	3	10004	2	3420
54224	3	1	10	70600042	0	0	5	2	2000	201	4	10004	2	3800
54230	3	1	10	70600042	0	10	2	2	3000	201	0	10004	2	2490
54231	3	1	10	70600042	0	10	2	2	3000	201	1	10004	2	2770
54232	3	1	10	70600042	0	10	2	2	3000	201	2	10004	2	3070
54233	3	1	10	70600042	0	10	2	2	3000	201	3	10004	2	3420
54234	3	1	10	70600042	0	10	2	2	3000	201	4	10004	2	3800
54240	3	1	10	70600042	0	0	1	2	4000	201	0	10004	2	2490
54241	3	1	10	70600042	0	0	1	2	4000	201	1	10004	2	2770
54242	3	1	10	70600042	0	0	1	2	4000	201	2	10004	2	3070
54243	3	1	10	70600042	0	0	1	2	4000	201	3	10004	2	3420
54244	3	1	10	70600042	0	0	1	2	4000	201	4	10004	2	3800
54250	3	1	10	70600042	0	8	3	2	1000	201	0	10004	2	2490
54251	3	1	10	70600042	0	8	3	2	1000	201	1	10004	2	2770
54252	3	1	10	70600042	0	8	3	2	1000	201	2	10004	2	3070
54253	3	1	10	70600042	0	8	3	2	1000	201	3	10004	2	3420
54254	3	1	10	70600042	0	8	3	2	1000	201	4	10004	2	3800
54310	3	1	10	70600043	0	12	4	3	5000	301	0	10004	3	3110
54311	3	1	10	70600043	0	12	4	3	5000	301	1	10004	3	3460
54312	3	1	10	70600043	0	12	4	3	5000	301	2	10004	3	3840
54313	3	1	10	70600043	0	12	4	3	5000	301	3	10004	3	4270
54314	3	1	10	70600043	0	12	4	3	5000	301	4	10004	3	4750
54320	3	1	10	70600043	0	0	5	3	2000	301	0	10004	3	3110
54321	3	1	10	70600043	0	0	5	3	2000	301	1	10004	3	3460
54322	3	1	10	70600043	0	0	5	3	2000	301	2	10004	3	3840
54323	3	1	10	70600043	0	0	5	3	2000	301	3	10004	3	4270
54324	3	1	10	70600043	0	0	5	3	2000	301	4	10004	3	4750
54330	3	1	10	70600043	0	10	2	3	3000	301	0	10004	3	3110
54331	3	1	10	70600043	0	10	2	3	3000	301	1	10004	3	3460
54332	3	1	10	70600043	0	10	2	3	3000	301	2	10004	3	3840
54333	3	1	10	70600043	0	10	2	3	3000	301	3	10004	3	4270
54334	3	1	10	70600043	0	10	2	3	3000	301	4	10004	3	4750
54340	3	1	10	70600043	0	0	1	3	4000	301	0	10004	3	3110
54341	3	1	10	70600043	0	0	1	3	4000	301	1	10004	3	3460
54342	3	1	10	70600043	0	0	1	3	4000	301	2	10004	3	3840
54343	3	1	10	70600043	0	0	1	3	4000	301	3	10004	3	4270
54344	3	1	10	70600043	0	0	1	3	4000	301	4	10004	3	4750
54350	3	1	10	70600043	0	8	3	3	1000	301	0	10004	3	3110
54351	3	1	10	70600043	0	8	3	3	1000	301	1	10004	3	3460
54352	3	1	10	70600043	0	8	3	3	1000	301	2	10004	3	3840
54353	3	1	10	70600043	0	8	3	3	1000	301	3	10004	3	4270
54354	3	1	10	70600043	0	8	3	3	1000	301	4	10004	3	4750
55210	3	1	10	70600042	0	12	4	2	5000	201	0	10005	2	2490
55211	3	1	10	70600042	0	12	4	2	5000	201	1	10005	2	2770
55212	3	1	10	70600042	0	12	4	2	5000	201	2	10005	2	3070
55213	3	1	10	70600042	0	12	4	2	5000	201	3	10005	2	3420
55214	3	1	10	70600042	0	12	4	2	5000	201	4	10005	2	3800
55220	3	1	10	70600042	0	0	5	2	2000	201	0	10005	2	2490
55221	3	1	10	70600042	0	0	5	2	2000	201	1	10005	2	2770
55222	3	1	10	70600042	0	0	5	2	2000	201	2	10005	2	3070
55223	3	1	10	70600042	0	0	5	2	2000	201	3	10005	2	3420
55224	3	1	10	70600042	0	0	5	2	2000	201	4	10005	2	3800
55230	3	1	10	70600042	0	10	2	2	3000	201	0	10005	2	2490
55231	3	1	10	70600042	0	10	2	2	3000	201	1	10005	2	2770
55232	3	1	10	70600042	0	10	2	2	3000	201	2	10005	2	3070
55233	3	1	10	70600042	0	10	2	2	3000	201	3	10005	2	3420
55234	3	1	10	70600042	0	10	2	2	3000	201	4	10005	2	3800
55240	3	1	10	70600042	0	0	1	2	4000	201	0	10005	2	2490
55241	3	1	10	70600042	0	0	1	2	4000	201	1	10005	2	2770
55242	3	1	10	70600042	0	0	1	2	4000	201	2	10005	2	3070
55243	3	1	10	70600042	0	0	1	2	4000	201	3	10005	2	3420
55244	3	1	10	70600042	0	0	1	2	4000	201	4	10005	2	3800
55250	3	1	10	70600042	0	8	3	2	1000	201	0	10005	2	2490
55251	3	1	10	70600042	0	8	3	2	1000	201	1	10005	2	2770
55252	3	1	10	70600042	0	8	3	2	1000	201	2	10005	2	3070
55253	3	1	10	70600042	0	8	3	2	1000	201	3	10005	2	3420
55254	3	1	10	70600042	0	8	3	2	1000	201	4	10005	2	3800
55310	3	1	10	70600043	0	12	4	3	5000	301	0	10005	3	3110
55311	3	1	10	70600043	0	12	4	3	5000	301	1	10005	3	3460
55312	3	1	10	70600043	0	12	4	3	5000	301	2	10005	3	3840
55313	3	1	10	70600043	0	12	4	3	5000	301	3	10005	3	4270
55314	3	1	10	70600043	0	12	4	3	5000	301	4	10005	3	4750
55320	3	1	10	70600043	0	0	5	3	2000	301	0	10005	3	3110
55321	3	1	10	70600043	0	0	5	3	2000	301	1	10005	3	3460
55322	3	1	10	70600043	0	0	5	3	2000	301	2	10005	3	3840
55323	3	1	10	70600043	0	0	5	3	2000	301	3	10005	3	4270
55324	3	1	10	70600043	0	0	5	3	2000	301	4	10005	3	4750
55330	3	1	10	70600043	0	10	2	3	3000	301	0	10005	3	3110
55331	3	1	10	70600043	0	10	2	3	3000	301	1	10005	3	3460
55332	3	1	10	70600043	0	10	2	3	3000	301	2	10005	3	3840
55333	3	1	10	70600043	0	10	2	3	3000	301	3	10005	3	4270
55334	3	1	10	70600043	0	10	2	3	3000	301	4	10005	3	4750
55340	3	1	10	70600043	0	0	1	3	4000	301	0	10005	3	3110
55341	3	1	10	70600043	0	0	1	3	4000	301	1	10005	3	3460
55342	3	1	10	70600043	0	0	1	3	4000	301	2	10005	3	3840
55343	3	1	10	70600043	0	0	1	3	4000	301	3	10005	3	4270
55344	3	1	10	70600043	0	0	1	3	4000	301	4	10005	3	4750
55350	3	1	10	70600043	0	8	3	3	1000	301	0	10005	3	3110
55351	3	1	10	70600043	0	8	3	3	1000	301	1	10005	3	3460
55352	3	1	10	70600043	0	8	3	3	1000	301	2	10005	3	3840
55353	3	1	10	70600043	0	8	3	3	1000	301	3	10005	3	4270
55354	3	1	10	70600043	0	8	3	3	1000	301	4	10005	3	4750
56210	3	1	10	70600042	0	12	4	2	5000	201	0	10006	2	2490
56211	3	1	10	70600042	0	12	4	2	5000	201	1	10006	2	2770
56212	3	1	10	70600042	0	12	4	2	5000	201	2	10006	2	3070
56213	3	1	10	70600042	0	12	4	2	5000	201	3	10006	2	3420
56214	3	1	10	70600042	0	12	4	2	5000	201	4	10006	2	3800
56220	3	1	10	70600042	0	0	5	2	2000	201	0	10006	2	2490
56221	3	1	10	70600042	0	0	5	2	2000	201	1	10006	2	2770
56222	3	1	10	70600042	0	0	5	2	2000	201	2	10006	2	3070
56223	3	1	10	70600042	0	0	5	2	2000	201	3	10006	2	3420
56224	3	1	10	70600042	0	0	5	2	2000	201	4	10006	2	3800
56230	3	1	10	70600042	0	10	2	2	3000	201	0	10006	2	2490
56231	3	1	10	70600042	0	10	2	2	3000	201	1	10006	2	2770
56232	3	1	10	70600042	0	10	2	2	3000	201	2	10006	2	3070
56233	3	1	10	70600042	0	10	2	2	3000	201	3	10006	2	3420
56234	3	1	10	70600042	0	10	2	2	3000	201	4	10006	2	3800
56240	3	1	10	70600042	0	0	1	2	4000	201	0	10006	2	2490
56241	3	1	10	70600042	0	0	1	2	4000	201	1	10006	2	2770
56242	3	1	10	70600042	0	0	1	2	4000	201	2	10006	2	3070
56243	3	1	10	70600042	0	0	1	2	4000	201	3	10006	2	3420
56244	3	1	10	70600042	0	0	1	2	4000	201	4	10006	2	3800
56250	3	1	10	70600042	0	8	3	2	1000	201	0	10006	2	2490
56251	3	1	10	70600042	0	8	3	2	1000	201	1	10006	2	2770
56252	3	1	10	70600042	0	8	3	2	1000	201	2	10006	2	3070
56253	3	1	10	70600042	0	8	3	2	1000	201	3	10006	2	3420
56254	3	1	10	70600042	0	8	3	2	1000	201	4	10006	2	3800
56310	3	1	10	70600043	0	12	4	3	5000	301	0	10006	3	3110
56311	3	1	10	70600043	0	12	4	3	5000	301	1	10006	3	3460
56312	3	1	10	70600043	0	12	4	3	5000	301	2	10006	3	3840
56313	3	1	10	70600043	0	12	4	3	5000	301	3	10006	3	4270
56314	3	1	10	70600043	0	12	4	3	5000	301	4	10006	3	4750
56320	3	1	10	70600043	0	0	5	3	2000	301	0	10006	3	3110
56321	3	1	10	70600043	0	0	5	3	2000	301	1	10006	3	3460
56322	3	1	10	70600043	0	0	5	3	2000	301	2	10006	3	3840
56323	3	1	10	70600043	0	0	5	3	2000	301	3	10006	3	4270
56324	3	1	10	70600043	0	0	5	3	2000	301	4	10006	3	4750
56330	3	1	10	70600043	0	10	2	3	3000	301	0	10006	3	3110
56331	3	1	10	70600043	0	10	2	3	3000	301	1	10006	3	3460
56332	3	1	10	70600043	0	10	2	3	3000	301	2	10006	3	3840
56333	3	1	10	70600043	0	10	2	3	3000	301	3	10006	3	4270
56334	3	1	10	70600043	0	10	2	3	3000	301	4	10006	3	4750
56340	3	1	10	70600043	0	0	1	3	4000	301	0	10006	3	3110
56341	3	1	10	70600043	0	0	1	3	4000	301	1	10006	3	3460
56342	3	1	10	70600043	0	0	1	3	4000	301	2	10006	3	3840
56343	3	1	10	70600043	0	0	1	3	4000	301	3	10006	3	4270
56344	3	1	10	70600043	0	0	1	3	4000	301	4	10006	3	4750
56350	3	1	10	70600043	0	8	3	3	1000	301	0	10006	3	3110
56351	3	1	10	70600043	0	8	3	3	1000	301	1	10006	3	3460
56352	3	1	10	70600043	0	8	3	3	1000	301	2	10006	3	3840
56353	3	1	10	70600043	0	8	3	3	1000	301	3	10006	3	4270
56354	3	1	10	70600043	0	8	3	3	1000	301	4	10006	3	4750
57210	3	1	10	70600042	0	12	4	2	5000	201	0	10007	2	2490
57211	3	1	10	70600042	0	12	4	2	5000	201	1	10007	2	2770
57212	3	1	10	70600042	0	12	4	2	5000	201	2	10007	2	3070
57213	3	1	10	70600042	0	12	4	2	5000	201	3	10007	2	3420
57214	3	1	10	70600042	0	12	4	2	5000	201	4	10007	2	3800
57220	3	1	10	70600042	0	0	5	2	2000	201	0	10007	2	2490
57221	3	1	10	70600042	0	0	5	2	2000	201	1	10007	2	2770
57222	3	1	10	70600042	0	0	5	2	2000	201	2	10007	2	3070
57223	3	1	10	70600042	0	0	5	2	2000	201	3	10007	2	3420
57224	3	1	10	70600042	0	0	5	2	2000	201	4	10007	2	3800
57230	3	1	10	70600042	0	10	2	2	3000	201	0	10007	2	2490
57231	3	1	10	70600042	0	10	2	2	3000	201	1	10007	2	2770
57232	3	1	10	70600042	0	10	2	2	3000	201	2	10007	2	3070
57233	3	1	10	70600042	0	10	2	2	3000	201	3	10007	2	3420
57234	3	1	10	70600042	0	10	2	2	3000	201	4	10007	2	3800
57240	3	1	10	70600042	0	0	1	2	4000	201	0	10007	2	2490
57241	3	1	10	70600042	0	0	1	2	4000	201	1	10007	2	2770
57242	3	1	10	70600042	0	0	1	2	4000	201	2	10007	2	3070
57243	3	1	10	70600042	0	0	1	2	4000	201	3	10007	2	3420
57244	3	1	10	70600042	0	0	1	2	4000	201	4	10007	2	3800
57250	3	1	10	70600042	0	8	3	2	1000	201	0	10007	2	2490
57251	3	1	10	70600042	0	8	3	2	1000	201	1	10007	2	2770
57252	3	1	10	70600042	0	8	3	2	1000	201	2	10007	2	3070
57253	3	1	10	70600042	0	8	3	2	1000	201	3	10007	2	3420
57254	3	1	10	70600042	0	8	3	2	1000	201	4	10007	2	3800
57310	3	1	10	70600043	0	12	4	3	5000	301	0	10007	3	3110
57311	3	1	10	70600043	0	12	4	3	5000	301	1	10007	3	3460
57312	3	1	10	70600043	0	12	4	3	5000	301	2	10007	3	3840
57313	3	1	10	70600043	0	12	4	3	5000	301	3	10007	3	4270
57314	3	1	10	70600043	0	12	4	3	5000	301	4	10007	3	4750
57320	3	1	10	70600043	0	0	5	3	2000	301	0	10007	3	3110
57321	3	1	10	70600043	0	0	5	3	2000	301	1	10007	3	3460
57322	3	1	10	70600043	0	0	5	3	2000	301	2	10007	3	3840
57323	3	1	10	70600043	0	0	5	3	2000	301	3	10007	3	4270
57324	3	1	10	70600043	0	0	5	3	2000	301	4	10007	3	4750
57330	3	1	10	70600043	0	10	2	3	3000	301	0	10007	3	3110
57331	3	1	10	70600043	0	10	2	3	3000	301	1	10007	3	3460
57332	3	1	10	70600043	0	10	2	3	3000	301	2	10007	3	3840
57333	3	1	10	70600043	0	10	2	3	3000	301	3	10007	3	4270
57334	3	1	10	70600043	0	10	2	3	3000	301	4	10007	3	4750
57340	3	1	10	70600043	0	0	1	3	4000	301	0	10007	3	3110
57341	3	1	10	70600043	0	0	1	3	4000	301	1	10007	3	3460
57342	3	1	10	70600043	0	0	1	3	4000	301	2	10007	3	3840
57343	3	1	10	70600043	0	0	1	3	4000	301	3	10007	3	4270
57344	3	1	10	70600043	0	0	1	3	4000	301	4	10007	3	4750
57350	3	1	10	70600043	0	8	3	3	1000	301	0	10007	3	3110
57351	3	1	10	70600043	0	8	3	3	1000	301	1	10007	3	3460
57352	3	1	10	70600043	0	8	3	3	1000	301	2	10007	3	3840
57353	3	1	10	70600043	0	8	3	3	1000	301	3	10007	3	4270
57354	3	1	10	70600043	0	8	3	3	1000	301	4	10007	3	4750
58210	3	1	10	70600042	0	12	4	2	5000	201	0	10008	2	2490
58211	3	1	10	70600042	0	12	4	2	5000	201	1	10008	2	2770
58212	3	1	10	70600042	0	12	4	2	5000	201	2	10008	2	3070
58213	3	1	10	70600042	0	12	4	2	5000	201	3	10008	2	3420
58214	3	1	10	70600042	0	12	4	2	5000	201	4	10008	2	3800
58220	3	1	10	70600042	0	0	5	2	2000	201	0	10008	2	2490
58221	3	1	10	70600042	0	0	5	2	2000	201	1	10008	2	2770
58222	3	1	10	70600042	0	0	5	2	2000	201	2	10008	2	3070
58223	3	1	10	70600042	0	0	5	2	2000	201	3	10008	2	3420
58224	3	1	10	70600042	0	0	5	2	2000	201	4	10008	2	3800
58230	3	1	10	70600042	0	10	2	2	3000	201	0	10008	2	2490
58231	3	1	10	70600042	0	10	2	2	3000	201	1	10008	2	2770
58232	3	1	10	70600042	0	10	2	2	3000	201	2	10008	2	3070
58233	3	1	10	70600042	0	10	2	2	3000	201	3	10008	2	3420
58234	3	1	10	70600042	0	10	2	2	3000	201	4	10008	2	3800
58240	3	1	10	70600042	0	0	1	2	4000	201	0	10008	2	2490
58241	3	1	10	70600042	0	0	1	2	4000	201	1	10008	2	2770
58242	3	1	10	70600042	0	0	1	2	4000	201	2	10008	2	3070
58243	3	1	10	70600042	0	0	1	2	4000	201	3	10008	2	3420
58244	3	1	10	70600042	0	0	1	2	4000	201	4	10008	2	3800
58250	3	1	10	70600042	0	8	3	2	1000	201	0	10008	2	2490
58251	3	1	10	70600042	0	8	3	2	1000	201	1	10008	2	2770
58252	3	1	10	70600042	0	8	3	2	1000	201	2	10008	2	3070
58253	3	1	10	70600042	0	8	3	2	1000	201	3	10008	2	3420
58254	3	1	10	70600042	0	8	3	2	1000	201	4	10008	2	3800
58310	3	1	10	70600043	0	12	4	3	5000	301	0	10008	3	3110
58311	3	1	10	70600043	0	12	4	3	5000	301	1	10008	3	3460
58312	3	1	10	70600043	0	12	4	3	5000	301	2	10008	3	3840
58313	3	1	10	70600043	0	12	4	3	5000	301	3	10008	3	4270
58314	3	1	10	70600043	0	12	4	3	5000	301	4	10008	3	4750
58320	3	1	10	70600043	0	0	5	3	2000	301	0	10008	3	3110
58321	3	1	10	70600043	0	0	5	3	2000	301	1	10008	3	3460
58322	3	1	10	70600043	0	0	5	3	2000	301	2	10008	3	3840
58323	3	1	10	70600043	0	0	5	3	2000	301	3	10008	3	4270
58324	3	1	10	70600043	0	0	5	3	2000	301	4	10008	3	4750
58330	3	1	10	70600043	0	10	2	3	3000	301	0	10008	3	3110
58331	3	1	10	70600043	0	10	2	3	3000	301	1	10008	3	3460
58332	3	1	10	70600043	0	10	2	3	3000	301	2	10008	3	3840
58333	3	1	10	70600043	0	10	2	3	3000	301	3	10008	3	4270
58334	3	1	10	70600043	0	10	2	3	3000	301	4	10008	3	4750
58340	3	1	10	70600043	0	0	1	3	4000	301	0	10008	3	3110
58341	3	1	10	70600043	0	0	1	3	4000	301	1	10008	3	3460
58342	3	1	10	70600043	0	0	1	3	4000	301	2	10008	3	3840
58343	3	1	10	70600043	0	0	1	3	4000	301	3	10008	3	4270
58344	3	1	10	70600043	0	0	1	3	4000	301	4	10008	3	4750
58350	3	1	10	70600043	0	8	3	3	1000	301	0	10008	3	3110
58351	3	1	10	70600043	0	8	3	3	1000	301	1	10008	3	3460
58352	3	1	10	70600043	0	8	3	3	1000	301	2	10008	3	3840
58353	3	1	10	70600043	0	8	3	3	1000	301	3	10008	3	4270
58354	3	1	10	70600043	0	8	3	3	1000	301	4	10008	3	4750
59110	3	1	10	70600041	0	12	4	1	5000	101	0	10009	2	1860
59111	3	1	10	70600041	0	12	4	1	5000	101	1	10009	2	2070
59112	3	1	10	70600041	0	12	4	1	5000	101	2	10009	2	2300
59113	3	1	10	70600041	0	12	4	1	5000	101	3	10009	2	2560
59114	3	1	10	70600041	0	12	4	1	5000	101	4	10009	2	2850
59120	3	1	10	70600041	0	0	5	1	2000	101	0	10009	2	1860
59121	3	1	10	70600041	0	0	5	1	2000	101	1	10009	2	2070
59122	3	1	10	70600041	0	0	5	1	2000	101	2	10009	2	2300
59123	3	1	10	70600041	0	0	5	1	2000	101	3	10009	2	2560
59124	3	1	10	70600041	0	0	5	1	2000	101	4	10009	2	2850
59130	3	1	10	70600041	0	10	2	1	3000	101	0	10009	2	1860
59131	3	1	10	70600041	0	10	2	1	3000	101	1	10009	2	2070
59132	3	1	10	70600041	0	10	2	1	3000	101	2	10009	2	2300
59133	3	1	10	70600041	0	10	2	1	3000	101	3	10009	2	2560
59134	3	1	10	70600041	0	10	2	1	3000	101	4	10009	2	2850
59140	3	1	10	70600041	0	0	1	1	4000	101	0	10009	2	1860
59141	3	1	10	70600041	0	0	1	1	4000	101	1	10009	2	2070
59142	3	1	10	70600041	0	0	1	1	4000	101	2	10009	2	2300
59143	3	1	10	70600041	0	0	1	1	4000	101	3	10009	2	2560
59144	3	1	10	70600041	0	0	1	1	4000	101	4	10009	2	2850
59150	3	1	10	70600041	0	8	3	1	1000	101	0	10009	2	1860
59151	3	1	10	70600041	0	8	3	1	1000	101	1	10009	2	2070
59152	3	1	10	70600041	0	8	3	1	1000	101	2	10009	2	2300
59153	3	1	10	70600041	0	8	3	1	1000	101	3	10009	2	2560
59154	3	1	10	70600041	0	8	3	1	1000	101	4	10009	2	2850
59210	3	1	10	70600042	0	12	4	2	5000	201	0	10009	2	2490
59211	3	1	10	70600042	0	12	4	2	5000	201	1	10009	2	2770
59212	3	1	10	70600042	0	12	4	2	5000	201	2	10009	2	3070
59213	3	1	10	70600042	0	12	4	2	5000	201	3	10009	2	3420
59214	3	1	10	70600042	0	12	4	2	5000	201	4	10009	2	3800
59220	3	1	10	70600042	0	0	5	2	2000	201	0	10009	2	2490
59221	3	1	10	70600042	0	0	5	2	2000	201	1	10009	2	2770
59222	3	1	10	70600042	0	0	5	2	2000	201	2	10009	2	3070
59223	3	1	10	70600042	0	0	5	2	2000	201	3	10009	2	3420
59224	3	1	10	70600042	0	0	5	2	2000	201	4	10009	2	3800
59230	3	1	10	70600042	0	10	2	2	3000	201	0	10009	2	2490
59231	3	1	10	70600042	0	10	2	2	3000	201	1	10009	2	2770
59232	3	1	10	70600042	0	10	2	2	3000	201	2	10009	2	3070
59233	3	1	10	70600042	0	10	2	2	3000	201	3	10009	2	3420
59234	3	1	10	70600042	0	10	2	2	3000	201	4	10009	2	3800
59240	3	1	10	70600042	0	0	1	2	4000	201	0	10009	2	2490
59241	3	1	10	70600042	0	0	1	2	4000	201	1	10009	2	2770
59242	3	1	10	70600042	0	0	1	2	4000	201	2	10009	2	3070
59243	3	1	10	70600042	0	0	1	2	4000	201	3	10009	2	3420
59244	3	1	10	70600042	0	0	1	2	4000	201	4	10009	2	3800
59250	3	1	10	70600042	0	8	3	2	1000	201	0	10009	2	2490
59251	3	1	10	70600042	0	8	3	2	1000	201	1	10009	2	2770
59252	3	1	10	70600042	0	8	3	2	1000	201	2	10009	2	3070
59253	3	1	10	70600042	0	8	3	2	1000	201	3	10009	2	3420
59254	3	1	10	70600042	0	8	3	2	1000	201	4	10009	2	3800
59310	3	1	10	70600043	0	12	4	3	5000	301	0	10009	3	3110
59311	3	1	10	70600043	0	12	4	3	5000	301	1	10009	3	3460
59312	3	1	10	70600043	0	12	4	3	5000	301	2	10009	3	3840
59313	3	1	10	70600043	0	12	4	3	5000	301	3	10009	3	4270
59314	3	1	10	70600043	0	12	4	3	5000	301	4	10009	3	4750
59320	3	1	10	70600043	0	0	5	3	2000	301	0	10009	3	3110
59321	3	1	10	70600043	0	0	5	3	2000	301	1	10009	3	3460
59322	3	1	10	70600043	0	0	5	3	2000	301	2	10009	3	3840
59323	3	1	10	70600043	0	0	5	3	2000	301	3	10009	3	4270
59324	3	1	10	70600043	0	0	5	3	2000	301	4	10009	3	4750
59330	3	1	10	70600043	0	10	2	3	3000	301	0	10009	3	3110
59331	3	1	10	70600043	0	10	2	3	3000	301	1	10009	3	3460
59332	3	1	10	70600043	0	10	2	3	3000	301	2	10009	3	3840
59333	3	1	10	70600043	0	10	2	3	3000	301	3	10009	3	4270
59334	3	1	10	70600043	0	10	2	3	3000	301	4	10009	3	4750
59340	3	1	10	70600043	0	0	1	3	4000	301	0	10009	3	3110
59341	3	1	10	70600043	0	0	1	3	4000	301	1	10009	3	3460
59342	3	1	10	70600043	0	0	1	3	4000	301	2	10009	3	3840
59343	3	1	10	70600043	0	0	1	3	4000	301	3	10009	3	4270
59344	3	1	10	70600043	0	0	1	3	4000	301	4	10009	3	4750
59350	3	1	10	70600043	0	8	3	3	1000	301	0	10009	3	3110
59351	3	1	10	70600043	0	8	3	3	1000	301	1	10009	3	3460
59352	3	1	10	70600043	0	8	3	3	1000	301	2	10009	3	3840
59353	3	1	10	70600043	0	8	3	3	1000	301	3	10009	3	4270
59354	3	1	10	70600043	0	8	3	3	1000	301	4	10009	3	4750
59410	3	1	10	70600044	0	12	4	4	5000	401	0	10009	3	3730
59411	3	1	10	70600044	0	12	4	4	5000	401	1	10009	3	4150
59412	3	1	10	70600044	0	12	4	4	5000	401	2	10009	3	4610
59413	3	1	10	70600044	0	12	4	4	5000	401	3	10009	3	5130
59414	3	1	10	70600044	0	12	4	4	5000	401	4	10009	3	5700
59420	3	1	10	70600044	0	0	5	4	2000	401	0	10009	3	3730
59421	3	1	10	70600044	0	0	5	4	2000	401	1	10009	3	4150
59422	3	1	10	70600044	0	0	5	4	2000	401	2	10009	3	4610
59423	3	1	10	70600044	0	0	5	4	2000	401	3	10009	3	5130
59424	3	1	10	70600044	0	0	5	4	2000	401	4	10009	3	5700
59430	3	1	10	70600044	0	10	2	4	3000	401	0	10009	3	3730
59431	3	1	10	70600044	0	10	2	4	3000	401	1	10009	3	4150
59432	3	1	10	70600044	0	10	2	4	3000	401	2	10009	3	4610
59433	3	1	10	70600044	0	10	2	4	3000	401	3	10009	3	5130
59434	3	1	10	70600044	0	10	2	4	3000	401	4	10009	3	5700
59440	3	1	10	70600044	0	0	1	4	4000	401	0	10009	3	3730
59441	3	1	10	70600044	0	0	1	4	4000	401	1	10009	3	4150
59442	3	1	10	70600044	0	0	1	4	4000	401	2	10009	3	4610
59443	3	1	10	70600044	0	0	1	4	4000	401	3	10009	3	5130
59444	3	1	10	70600044	0	0	1	4	4000	401	4	10009	3	5700
59450	3	1	10	70600044	0	8	3	4	1000	401	0	10009	3	3730
59451	3	1	10	70600044	0	8	3	4	1000	401	1	10009	3	4150
59452	3	1	10	70600044	0	8	3	4	1000	401	2	10009	3	4610
59453	3	1	10	70600044	0	8	3	4	1000	401	3	10009	3	5130
59454	3	1	10	70600044	0	8	3	4	1000	401	4	10009	3	5700
60110	3	1	10	70600041	0	12	4	1	5000	101	0	10010	2	1860
60111	3	1	10	70600041	0	12	4	1	5000	101	1	10010	2	2070
60112	3	1	10	70600041	0	12	4	1	5000	101	2	10010	2	2300
60113	3	1	10	70600041	0	12	4	1	5000	101	3	10010	2	2560
60114	3	1	10	70600041	0	12	4	1	5000	101	4	10010	2	2850
60120	3	1	10	70600041	0	0	5	1	2000	101	0	10010	2	1860
60121	3	1	10	70600041	0	0	5	1	2000	101	1	10010	2	2070
60122	3	1	10	70600041	0	0	5	1	2000	101	2	10010	2	2300
60123	3	1	10	70600041	0	0	5	1	2000	101	3	10010	2	2560
60124	3	1	10	70600041	0	0	5	1	2000	101	4	10010	2	2850
60130	3	1	10	70600041	0	10	2	1	3000	101	0	10010	2	1860
60131	3	1	10	70600041	0	10	2	1	3000	101	1	10010	2	2070
60132	3	1	10	70600041	0	10	2	1	3000	101	2	10010	2	2300
60133	3	1	10	70600041	0	10	2	1	3000	101	3	10010	2	2560
60134	3	1	10	70600041	0	10	2	1	3000	101	4	10010	2	2850
60140	3	1	10	70600041	0	0	1	1	4000	101	0	10010	2	1860
60141	3	1	10	70600041	0	0	1	1	4000	101	1	10010	2	2070
60142	3	1	10	70600041	0	0	1	1	4000	101	2	10010	2	2300
60143	3	1	10	70600041	0	0	1	1	4000	101	3	10010	2	2560
60144	3	1	10	70600041	0	0	1	1	4000	101	4	10010	2	2850
60150	3	1	10	70600041	0	8	3	1	1000	101	0	10010	2	1860
60151	3	1	10	70600041	0	8	3	1	1000	101	1	10010	2	2070
60152	3	1	10	70600041	0	8	3	1	1000	101	2	10010	2	2300
60153	3	1	10	70600041	0	8	3	1	1000	101	3	10010	2	2560
60154	3	1	10	70600041	0	8	3	1	1000	101	4	10010	2	2850
60210	3	1	10	70600042	0	12	4	2	5000	201	0	10010	2	2490
60211	3	1	10	70600042	0	12	4	2	5000	201	1	10010	2	2770
60212	3	1	10	70600042	0	12	4	2	5000	201	2	10010	2	3070
60213	3	1	10	70600042	0	12	4	2	5000	201	3	10010	2	3420
60214	3	1	10	70600042	0	12	4	2	5000	201	4	10010	2	3800
60220	3	1	10	70600042	0	0	5	2	2000	201	0	10010	2	2490
60221	3	1	10	70600042	0	0	5	2	2000	201	1	10010	2	2770
60222	3	1	10	70600042	0	0	5	2	2000	201	2	10010	2	3070
60223	3	1	10	70600042	0	0	5	2	2000	201	3	10010	2	3420
60224	3	1	10	70600042	0	0	5	2	2000	201	4	10010	2	3800
60230	3	1	10	70600042	0	10	2	2	3000	201	0	10010	2	2490
60231	3	1	10	70600042	0	10	2	2	3000	201	1	10010	2	2770
60232	3	1	10	70600042	0	10	2	2	3000	201	2	10010	2	3070
60233	3	1	10	70600042	0	10	2	2	3000	201	3	10010	2	3420
60234	3	1	10	70600042	0	10	2	2	3000	201	4	10010	2	3800
60240	3	1	10	70600042	0	0	1	2	4000	201	0	10010	2	2490
60241	3	1	10	70600042	0	0	1	2	4000	201	1	10010	2	2770
60242	3	1	10	70600042	0	0	1	2	4000	201	2	10010	2	3070
60243	3	1	10	70600042	0	0	1	2	4000	201	3	10010	2	3420
60244	3	1	10	70600042	0	0	1	2	4000	201	4	10010	2	3800
60250	3	1	10	70600042	0	8	3	2	1000	201	0	10010	2	2490
60251	3	1	10	70600042	0	8	3	2	1000	201	1	10010	2	2770
60252	3	1	10	70600042	0	8	3	2	1000	201	2	10010	2	3070
60253	3	1	10	70600042	0	8	3	2	1000	201	3	10010	2	3420
60254	3	1	10	70600042	0	8	3	2	1000	201	4	10010	2	3800
60310	3	1	10	70600043	0	12	4	3	5000	301	0	10010	3	3110
60311	3	1	10	70600043	0	12	4	3	5000	301	1	10010	3	3460
60312	3	1	10	70600043	0	12	4	3	5000	301	2	10010	3	3840
60313	3	1	10	70600043	0	12	4	3	5000	301	3	10010	3	4270
60314	3	1	10	70600043	0	12	4	3	5000	301	4	10010	3	4750
60320	3	1	10	70600043	0	0	5	3	2000	301	0	10010	3	3110
60321	3	1	10	70600043	0	0	5	3	2000	301	1	10010	3	3460
60322	3	1	10	70600043	0	0	5	3	2000	301	2	10010	3	3840
60323	3	1	10	70600043	0	0	5	3	2000	301	3	10010	3	4270
60324	3	1	10	70600043	0	0	5	3	2000	301	4	10010	3	4750
60330	3	1	10	70600043	0	10	2	3	3000	301	0	10010	3	3110
60331	3	1	10	70600043	0	10	2	3	3000	301	1	10010	3	3460
60332	3	1	10	70600043	0	10	2	3	3000	301	2	10010	3	3840
60333	3	1	10	70600043	0	10	2	3	3000	301	3	10010	3	4270
60334	3	1	10	70600043	0	10	2	3	3000	301	4	10010	3	4750
60340	3	1	10	70600043	0	0	1	3	4000	301	0	10010	3	3110
60341	3	1	10	70600043	0	0	1	3	4000	301	1	10010	3	3460
60342	3	1	10	70600043	0	0	1	3	4000	301	2	10010	3	3840
60343	3	1	10	70600043	0	0	1	3	4000	301	3	10010	3	4270
60344	3	1	10	70600043	0	0	1	3	4000	301	4	10010	3	4750
60350	3	1	10	70600043	0	8	3	3	1000	301	0	10010	3	3110
60351	3	1	10	70600043	0	8	3	3	1000	301	1	10010	3	3460
60352	3	1	10	70600043	0	8	3	3	1000	301	2	10010	3	3840
60353	3	1	10	70600043	0	8	3	3	1000	301	3	10010	3	4270
60354	3	1	10	70600043	0	8	3	3	1000	301	4	10010	3	4750
60410	3	1	10	70600044	0	12	4	4	5000	401	0	10010	3	3730
60411	3	1	10	70600044	0	12	4	4	5000	401	1	10010	3	4150
60412	3	1	10	70600044	0	12	4	4	5000	401	2	10010	3	4610
60413	3	1	10	70600044	0	12	4	4	5000	401	3	10010	3	5130
60414	3	1	10	70600044	0	12	4	4	5000	401	4	10010	3	5700
60420	3	1	10	70600044	0	0	5	4	2000	401	0	10010	3	3730
60421	3	1	10	70600044	0	0	5	4	2000	401	1	10010	3	4150
60422	3	1	10	70600044	0	0	5	4	2000	401	2	10010	3	4610
60423	3	1	10	70600044	0	0	5	4	2000	401	3	10010	3	5130
60424	3	1	10	70600044	0	0	5	4	2000	401	4	10010	3	5700
60430	3	1	10	70600044	0	10	2	4	3000	401	0	10010	3	3730
60431	3	1	10	70600044	0	10	2	4	3000	401	1	10010	3	4150
60432	3	1	10	70600044	0	10	2	4	3000	401	2	10010	3	4610
60433	3	1	10	70600044	0	10	2	4	3000	401	3	10010	3	5130
60434	3	1	10	70600044	0	10	2	4	3000	401	4	10010	3	5700
60440	3	1	10	70600044	0	0	1	4	4000	401	0	10010	3	3730
60441	3	1	10	70600044	0	0	1	4	4000	401	1	10010	3	4150
60442	3	1	10	70600044	0	0	1	4	4000	401	2	10010	3	4610
60443	3	1	10	70600044	0	0	1	4	4000	401	3	10010	3	5130
60444	3	1	10	70600044	0	0	1	4	4000	401	4	10010	3	5700
60450	3	1	10	70600044	0	8	3	4	1000	401	0	10010	3	3730
60451	3	1	10	70600044	0	8	3	4	1000	401	1	10010	3	4150
60452	3	1	10	70600044	0	8	3	4	1000	401	2	10010	3	4610
60453	3	1	10	70600044	0	8	3	4	1000	401	3	10010	3	5130
60454	3	1	10	70600044	0	8	3	4	1000	401	4	10010	3	5700
61210	3	1	10	70600042	0	12	4	2	5000	201	0	10011	2	2490
61211	3	1	10	70600042	0	12	4	2	5000	201	1	10011	2	2770
61212	3	1	10	70600042	0	12	4	2	5000	201	2	10011	2	3070
61213	3	1	10	70600042	0	12	4	2	5000	201	3	10011	2	3420
61214	3	1	10	70600042	0	12	4	2	5000	201	4	10011	2	3800
61220	3	1	10	70600042	0	0	5	2	2000	201	0	10011	2	2490
61221	3	1	10	70600042	0	0	5	2	2000	201	1	10011	2	2770
61222	3	1	10	70600042	0	0	5	2	2000	201	2	10011	2	3070
61223	3	1	10	70600042	0	0	5	2	2000	201	3	10011	2	3420
61224	3	1	10	70600042	0	0	5	2	2000	201	4	10011	2	3800
61230	3	1	10	70600042	0	10	2	2	3000	201	0	10011	2	2490
61231	3	1	10	70600042	0	10	2	2	3000	201	1	10011	2	2770
61232	3	1	10	70600042	0	10	2	2	3000	201	2	10011	2	3070
61233	3	1	10	70600042	0	10	2	2	3000	201	3	10011	2	3420
61234	3	1	10	70600042	0	10	2	2	3000	201	4	10011	2	3800
61240	3	1	10	70600042	0	0	1	2	4000	201	0	10011	2	2490
61241	3	1	10	70600042	0	0	1	2	4000	201	1	10011	2	2770
61242	3	1	10	70600042	0	0	1	2	4000	201	2	10011	2	3070
61243	3	1	10	70600042	0	0	1	2	4000	201	3	10011	2	3420
61244	3	1	10	70600042	0	0	1	2	4000	201	4	10011	2	3800
61250	3	1	10	70600042	0	8	3	2	1000	201	0	10011	2	2490
61251	3	1	10	70600042	0	8	3	2	1000	201	1	10011	2	2770
61252	3	1	10	70600042	0	8	3	2	1000	201	2	10011	2	3070
61253	3	1	10	70600042	0	8	3	2	1000	201	3	10011	2	3420
61254	3	1	10	70600042	0	8	3	2	1000	201	4	10011	2	3800
61310	3	1	10	70600043	0	12	4	3	5000	301	0	10011	3	3110
61311	3	1	10	70600043	0	12	4	3	5000	301	1	10011	3	3460
61312	3	1	10	70600043	0	12	4	3	5000	301	2	10011	3	3840
61313	3	1	10	70600043	0	12	4	3	5000	301	3	10011	3	4270
61314	3	1	10	70600043	0	12	4	3	5000	301	4	10011	3	4750
61320	3	1	10	70600043	0	0	5	3	2000	301	0	10011	3	3110
61321	3	1	10	70600043	0	0	5	3	2000	301	1	10011	3	3460
61322	3	1	10	70600043	0	0	5	3	2000	301	2	10011	3	3840
61323	3	1	10	70600043	0	0	5	3	2000	301	3	10011	3	4270
61324	3	1	10	70600043	0	0	5	3	2000	301	4	10011	3	4750
61330	3	1	10	70600043	0	10	2	3	3000	301	0	10011	3	3110
61331	3	1	10	70600043	0	10	2	3	3000	301	1	10011	3	3460
61332	3	1	10	70600043	0	10	2	3	3000	301	2	10011	3	3840
61333	3	1	10	70600043	0	10	2	3	3000	301	3	10011	3	4270
61334	3	1	10	70600043	0	10	2	3	3000	301	4	10011	3	4750
61340	3	1	10	70600043	0	0	1	3	4000	301	0	10011	3	3110
61341	3	1	10	70600043	0	0	1	3	4000	301	1	10011	3	3460
61342	3	1	10	70600043	0	0	1	3	4000	301	2	10011	3	3840
61343	3	1	10	70600043	0	0	1	3	4000	301	3	10011	3	4270
61344	3	1	10	70600043	0	0	1	3	4000	301	4	10011	3	4750
61350	3	1	10	70600043	0	8	3	3	1000	301	0	10011	3	3110
61351	3	1	10	70600043	0	8	3	3	1000	301	1	10011	3	3460
61352	3	1	10	70600043	0	8	3	3	1000	301	2	10011	3	3840
61353	3	1	10	70600043	0	8	3	3	1000	301	3	10011	3	4270
61354	3	1	10	70600043	0	8	3	3	1000	301	4	10011	3	4750
62210	3	1	10	70600042	0	12	4	2	5000	201	0	10012	2	2490
62211	3	1	10	70600042	0	12	4	2	5000	201	1	10012	2	2770
62212	3	1	10	70600042	0	12	4	2	5000	201	2	10012	2	3070
62213	3	1	10	70600042	0	12	4	2	5000	201	3	10012	2	3420
62214	3	1	10	70600042	0	12	4	2	5000	201	4	10012	2	3800
62220	3	1	10	70600042	0	0	5	2	2000	201	0	10012	2	2490
62221	3	1	10	70600042	0	0	5	2	2000	201	1	10012	2	2770
62222	3	1	10	70600042	0	0	5	2	2000	201	2	10012	2	3070
62223	3	1	10	70600042	0	0	5	2	2000	201	3	10012	2	3420
62224	3	1	10	70600042	0	0	5	2	2000	201	4	10012	2	3800
62230	3	1	10	70600042	0	10	2	2	3000	201	0	10012	2	2490
62231	3	1	10	70600042	0	10	2	2	3000	201	1	10012	2	2770
62232	3	1	10	70600042	0	10	2	2	3000	201	2	10012	2	3070
62233	3	1	10	70600042	0	10	2	2	3000	201	3	10012	2	3420
62234	3	1	10	70600042	0	10	2	2	3000	201	4	10012	2	3800
62240	3	1	10	70600042	0	0	1	2	4000	201	0	10012	2	2490
62241	3	1	10	70600042	0	0	1	2	4000	201	1	10012	2	2770
62242	3	1	10	70600042	0	0	1	2	4000	201	2	10012	2	3070
62243	3	1	10	70600042	0	0	1	2	4000	201	3	10012	2	3420
62244	3	1	10	70600042	0	0	1	2	4000	201	4	10012	2	3800
62250	3	1	10	70600042	0	8	3	2	1000	201	0	10012	2	2490
62251	3	1	10	70600042	0	8	3	2	1000	201	1	10012	2	2770
62252	3	1	10	70600042	0	8	3	2	1000	201	2	10012	2	3070
62253	3	1	10	70600042	0	8	3	2	1000	201	3	10012	2	3420
62254	3	1	10	70600042	0	8	3	2	1000	201	4	10012	2	3800
62310	3	1	10	70600043	0	12	4	3	5000	301	0	10012	3	3110
62311	3	1	10	70600043	0	12	4	3	5000	301	1	10012	3	3460
62312	3	1	10	70600043	0	12	4	3	5000	301	2	10012	3	3840
62313	3	1	10	70600043	0	12	4	3	5000	301	3	10012	3	4270
62314	3	1	10	70600043	0	12	4	3	5000	301	4	10012	3	4750
62320	3	1	10	70600043	0	0	5	3	2000	301	0	10012	3	3110
62321	3	1	10	70600043	0	0	5	3	2000	301	1	10012	3	3460
62322	3	1	10	70600043	0	0	5	3	2000	301	2	10012	3	3840
62323	3	1	10	70600043	0	0	5	3	2000	301	3	10012	3	4270
62324	3	1	10	70600043	0	0	5	3	2000	301	4	10012	3	4750
62330	3	1	10	70600043	0	10	2	3	3000	301	0	10012	3	3110
62331	3	1	10	70600043	0	10	2	3	3000	301	1	10012	3	3460
62332	3	1	10	70600043	0	10	2	3	3000	301	2	10012	3	3840
62333	3	1	10	70600043	0	10	2	3	3000	301	3	10012	3	4270
62334	3	1	10	70600043	0	10	2	3	3000	301	4	10012	3	4750
62340	3	1	10	70600043	0	0	1	3	4000	301	0	10012	3	3110
62341	3	1	10	70600043	0	0	1	3	4000	301	1	10012	3	3460
62342	3	1	10	70600043	0	0	1	3	4000	301	2	10012	3	3840
62343	3	1	10	70600043	0	0	1	3	4000	301	3	10012	3	4270
62344	3	1	10	70600043	0	0	1	3	4000	301	4	10012	3	4750
62350	3	1	10	70600043	0	8	3	3	1000	301	0	10012	3	3110
62351	3	1	10	70600043	0	8	3	3	1000	301	1	10012	3	3460
62352	3	1	10	70600043	0	8	3	3	1000	301	2	10012	3	3840
62353	3	1	10	70600043	0	8	3	3	1000	301	3	10012	3	4270
62354	3	1	10	70600043	0	8	3	3	1000	301	4	10012	3	4750
63210	3	1	10	70600042	0	12	4	2	5000	201	0	10013	2	2490
63211	3	1	10	70600042	0	12	4	2	5000	201	1	10013	2	2770
63212	3	1	10	70600042	0	12	4	2	5000	201	2	10013	2	3070
63213	3	1	10	70600042	0	12	4	2	5000	201	3	10013	2	3420
63214	3	1	10	70600042	0	12	4	2	5000	201	4	10013	2	3800
63220	3	1	10	70600042	0	0	5	2	2000	201	0	10013	2	2490
63221	3	1	10	70600042	0	0	5	2	2000	201	1	10013	2	2770
63222	3	1	10	70600042	0	0	5	2	2000	201	2	10013	2	3070
63223	3	1	10	70600042	0	0	5	2	2000	201	3	10013	2	3420
63224	3	1	10	70600042	0	0	5	2	2000	201	4	10013	2	3800
63230	3	1	10	70600042	0	10	2	2	3000	201	0	10013	2	2490
63231	3	1	10	70600042	0	10	2	2	3000	201	1	10013	2	2770
63232	3	1	10	70600042	0	10	2	2	3000	201	2	10013	2	3070
63233	3	1	10	70600042	0	10	2	2	3000	201	3	10013	2	3420
63234	3	1	10	70600042	0	10	2	2	3000	201	4	10013	2	3800
63240	3	1	10	70600042	0	0	1	2	4000	201	0	10013	2	2490
63241	3	1	10	70600042	0	0	1	2	4000	201	1	10013	2	2770
63242	3	1	10	70600042	0	0	1	2	4000	201	2	10013	2	3070
63243	3	1	10	70600042	0	0	1	2	4000	201	3	10013	2	3420
63244	3	1	10	70600042	0	0	1	2	4000	201	4	10013	2	3800
63250	3	1	10	70600042	0	8	3	2	1000	201	0	10013	2	2490
63251	3	1	10	70600042	0	8	3	2	1000	201	1	10013	2	2770
63252	3	1	10	70600042	0	8	3	2	1000	201	2	10013	2	3070
63253	3	1	10	70600042	0	8	3	2	1000	201	3	10013	2	3420
63254	3	1	10	70600042	0	8	3	2	1000	201	4	10013	2	3800
63310	3	1	10	70600043	0	12	4	3	5000	301	0	10013	3	3110
63311	3	1	10	70600043	0	12	4	3	5000	301	1	10013	3	3460
63312	3	1	10	70600043	0	12	4	3	5000	301	2	10013	3	3840
63313	3	1	10	70600043	0	12	4	3	5000	301	3	10013	3	4270
63314	3	1	10	70600043	0	12	4	3	5000	301	4	10013	3	4750
63320	3	1	10	70600043	0	0	5	3	2000	301	0	10013	3	3110
63321	3	1	10	70600043	0	0	5	3	2000	301	1	10013	3	3460
63322	3	1	10	70600043	0	0	5	3	2000	301	2	10013	3	3840
63323	3	1	10	70600043	0	0	5	3	2000	301	3	10013	3	4270
63324	3	1	10	70600043	0	0	5	3	2000	301	4	10013	3	4750
63330	3	1	10	70600043	0	10	2	3	3000	301	0	10013	3	3110
63331	3	1	10	70600043	0	10	2	3	3000	301	1	10013	3	3460
63332	3	1	10	70600043	0	10	2	3	3000	301	2	10013	3	3840
63333	3	1	10	70600043	0	10	2	3	3000	301	3	10013	3	4270
63334	3	1	10	70600043	0	10	2	3	3000	301	4	10013	3	4750
63340	3	1	10	70600043	0	0	1	3	4000	301	0	10013	3	3110
63341	3	1	10	70600043	0	0	1	3	4000	301	1	10013	3	3460
63342	3	1	10	70600043	0	0	1	3	4000	301	2	10013	3	3840
63343	3	1	10	70600043	0	0	1	3	4000	301	3	10013	3	4270
63344	3	1	10	70600043	0	0	1	3	4000	301	4	10013	3	4750
63350	3	1	10	70600043	0	8	3	3	1000	301	0	10013	3	3110
63351	3	1	10	70600043	0	8	3	3	1000	301	1	10013	3	3460
63352	3	1	10	70600043	0	8	3	3	1000	301	2	10013	3	3840
63353	3	1	10	70600043	0	8	3	3	1000	301	3	10013	3	4270
63354	3	1	10	70600043	0	8	3	3	1000	301	4	10013	3	4750
71410	3	1	10	70600044	0	12	4	4	5000	401	0	14001	3	3730
71411	3	1	10	70600044	0	12	4	4	5000	401	1	14001	3	4150
71412	3	1	10	70600044	0	12	4	4	5000	401	2	14001	3	4610
71413	3	1	10	70600044	0	12	4	4	5000	401	3	14001	3	5130
71414	3	1	10	70600044	0	12	4	4	5000	401	4	14001	3	5700
71420	3	1	10	70600044	0	0	5	4	2000	401	0	14001	3	3730
71421	3	1	10	70600044	0	0	5	4	2000	401	1	14001	3	4150
71422	3	1	10	70600044	0	0	5	4	2000	401	2	14001	3	4610
71423	3	1	10	70600044	0		5	4	2000	401	3	14001	3	5130
71424	3	1	10	70600044	0		5	4	2000	401	4	14001	3	5700
71430	3	1	10	70600044	0	10	2	4	3000	401	0	14001	3	3730
71431	3	1	10	70600044	0	10	2	4	3000	401	1	14001	3	4150
71432	3	1	10	70600044	0	10	2	4	3000	401	2	14001	3	4610
71433	3	1	10	70600044	0	10	2	4	3000	401	3	14001	3	5130
71434	3	1	10	70600044	0	0	2	4	3000	401	4	14001	3	5700
71440	3	1	10	70600044	0	0	1	4	4000	401	0	14001	3	3730
71441	3	1	10	70600044	0		1	4	4000	401	1	14001	3	4150
71442	3	1	10	70600044	0		1	4	4000	401	2	14001	3	4610
71443	3	1	10	70600044	0		1	4	4000	401	3	14001	3	5130
71444	3	1	10	70600044	0	0	1	4	4000	401	4	14001	3	5700
71450	3	1	10	70600044	0	8	3	4	1000	401	0	14001	3	3730
71451	3	1	10	70600044	0	8	3	4	1000	401	1	14001	3	4150
71452	3	1	10	70600044	0	8	3	4	1000	401	2	14001	3	4610
71453	3	1	10	70600044	0	8	3	4	1000	401	3	14001	3	5130
71454	3	1	10	70600044	0	8	3	4	1000	401	4	14001	3	5700
72410	3	1	10	70600044	0	12	4	4	5000	401	0	14002	3	3730
72411	3	1	10	70600044	0	12	4	4	5000	401	1	14002	3	4150
72412	3	1	10	70600044	0	12	4	4	5000	401	2	14002	3	4610
72413	3	1	10	70600044	0	12	4	4	5000	401	3	14002	3	5130
72414	3	1	10	70600044	0	12	4	4	5000	401	4	14002	3	5700
72420	3	1	10	70600044	0	0	5	4	2000	401	0	14002	3	3730
72421	3	1	10	70600044	0	0	5	4	2000	401	1	14002	3	4150
72422	3	1	10	70600044	0	0	5	4	2000	401	2	14002	3	4610
72423	3	1	10	70600044	0		5	4	2000	401	3	14002	3	5130
72424	3	1	10	70600044	0		5	4	2000	401	4	14002	3	5700
72430	3	1	10	70600044	0	10	2	4	3000	401	0	14002	3	3730
72431	3	1	10	70600044	0	10	2	4	3000	401	1	14002	3	4150
72432	3	1	10	70600044	0	10	2	4	3000	401	2	14002	3	4610
72433	3	1	10	70600044	0	10	2	4	3000	401	3	14002	3	5130
72434	3	1	10	70600044	0	0	2	4	3000	401	4	14002	3	5700
72440	3	1	10	70600044	0	0	1	4	4000	401	0	14002	3	3730
72441	3	1	10	70600044	0		1	4	4000	401	1	14002	3	4150
72442	3	1	10	70600044	0		1	4	4000	401	2	14002	3	4610
72443	3	1	10	70600044	0		1	4	4000	401	3	14002	3	5130
72444	3	1	10	70600044	0	0	1	4	4000	401	4	14002	3	5700
72450	3	1	10	70600044	0	8	3	4	1000	401	0	14002	3	3730
72451	3	1	10	70600044	0	8	3	4	1000	401	1	14002	3	4150
72452	3	1	10	70600044	0	8	3	4	1000	401	2	14002	3	4610
72453	3	1	10	70600044	0	8	3	4	1000	401	3	14002	3	5130
72454	3	1	10	70600044	0	8	3	4	1000	401	4	14002	3	5700
73410	3	1	10	70600044	0	12	4	4	5000	401	0	14003	3	3730
73411	3	1	10	70600044	0	12	4	4	5000	401	1	14003	3	4150
73412	3	1	10	70600044	0	12	4	4	5000	401	2	14003	3	4610
73413	3	1	10	70600044	0	12	4	4	5000	401	3	14003	3	5130
73414	3	1	10	70600044	0	12	4	4	5000	401	4	14003	3	5700
73420	3	1	10	70600044	0	0	5	4	2000	401	0	14003	3	3730
73421	3	1	10	70600044	0	0	5	4	2000	401	1	14003	3	4150
73422	3	1	10	70600044	0	0	5	4	2000	401	2	14003	3	4610
73423	3	1	10	70600044	0		5	4	2000	401	3	14003	3	5130
73424	3	1	10	70600044	0		5	4	2000	401	4	14003	3	5700
73430	3	1	10	70600044	0	10	2	4	3000	401	0	14003	3	3730
73431	3	1	10	70600044	0	10	2	4	3000	401	1	14003	3	4150
73432	3	1	10	70600044	0	10	2	4	3000	401	2	14003	3	4610
73433	3	1	10	70600044	0	10	2	4	3000	401	3	14003	3	5130
73434	3	1	10	70600044	0	0	2	4	3000	401	4	14003	3	5700
73440	3	1	10	70600044	0	0	1	4	4000	401	0	14003	3	3730
73441	3	1	10	70600044	0		1	4	4000	401	1	14003	3	4150
73442	3	1	10	70600044	0		1	4	4000	401	2	14003	3	4610
73443	3	1	10	70600044	0		1	4	4000	401	3	14003	3	5130
73444	3	1	10	70600044	0	0	1	4	4000	401	4	14003	3	5700
73450	3	1	10	70600044	0	8	3	4	1000	401	0	14003	3	3730
73451	3	1	10	70600044	0	8	3	4	1000	401	1	14003	3	4150
73452	3	1	10	70600044	0	8	3	4	1000	401	2	14003	3	4610
73453	3	1	10	70600044	0	8	3	4	1000	401	3	14003	3	5130
73454	3	1	10	70600044	0	8	3	4	1000	401	4	14003	3	5700
74410	3	1	10	70600044	0	12	4	4	5000	401	0	14004	3	3730
74411	3	1	10	70600044	0	12	4	4	5000	401	1	14004	3	4150
74412	3	1	10	70600044	0	12	4	4	5000	401	2	14004	3	4610
74413	3	1	10	70600044	0	12	4	4	5000	401	3	14004	3	5130
74414	3	1	10	70600044	0	12	4	4	5000	401	4	14004	3	5700
74420	3	1	10	70600044	0	0	5	4	2000	401	0	14004	3	3730
74421	3	1	10	70600044	0	0	5	4	2000	401	1	14004	3	4150
74422	3	1	10	70600044	0	0	5	4	2000	401	2	14004	3	4610
74423	3	1	10	70600044	0		5	4	2000	401	3	14004	3	5130
74424	3	1	10	70600044	0		5	4	2000	401	4	14004	3	5700
74430	3	1	10	70600044	0	10	2	4	3000	401	0	14004	3	3730
74431	3	1	10	70600044	0	10	2	4	3000	401	1	14004	3	4150
74432	3	1	10	70600044	0	10	2	4	3000	401	2	14004	3	4610
74433	3	1	10	70600044	0	10	2	4	3000	401	3	14004	3	5130
74434	3	1	10	70600044	0	0	2	4	3000	401	4	14004	3	5700
74440	3	1	10	70600044	0	0	1	4	4000	401	0	14004	3	3730
74441	3	1	10	70600044	0		1	4	4000	401	1	14004	3	4150
74442	3	1	10	70600044	0		1	4	4000	401	2	14004	3	4610
74443	3	1	10	70600044	0		1	4	4000	401	3	14004	3	5130
74444	3	1	10	70600044	0	0	1	4	4000	401	4	14004	3	5700
74450	3	1	10	70600044	0	8	3	4	1000	401	0	14004	3	3730
74451	3	1	10	70600044	0	8	3	4	1000	401	1	14004	3	4150
74452	3	1	10	70600044	0	8	3	4	1000	401	2	14004	3	4610
74453	3	1	10	70600044	0	8	3	4	1000	401	3	14004	3	5130
74454	3	1	10	70600044	0	8	3	4	1000	401	4	14004	3	5700
75510	3	1	10	70600045	0	12	4	5	5000	501	0	15001	4	4360
75511	3	1	10	70600045	0	12	4	5	5000	501	1	15001	4	4840
75512	3	1	10	70600045	0	12	4	5	5000	501	2	15001	4	5380
75513	3	1	10	70600045	0	12	4	5	5000	501	3	15001	4	5980
75514	3	1	10	70600045	0	12	4	5	5000	501	4	15001	4	6650
75520	3	1	10	70600045	0	10	5	5	2000	501	0	15001	4	4360
75521	3	1	10	70600045	0	10	5	5	2000	501	1	15001	4	4840
75522	3	1	10	70600045	0	10	5	5	2000	501	2	15001	4	5380
75523	3	1	10	70600045	0	10	5	5	2000	501	3	15001	4	5980
75524	3	1	10	70600045	0	10	5	5	2000	501	4	15001	4	6650
75530	3	1	10	70600045	0	10	2	5	3000	501	0	15001	4	4360
75531	3	1	10	70600045	0	10	2	5	3000	501	1	15001	4	4840
75532	3	1	10	70600045	0	10	2	5	3000	501	2	15001	4	5380
75533	3	1	10	70600045	0	10	2	5	3000	501	3	15001	4	5980
75534	3	1	10	70600045	0	10	2	5	3000	501	4	15001	4	6650
75540	3	1	10	70600045	0	10	1	5	4000	501	0	15001	4	4360
75541	3	1	10	70600045	0	10	1	5	4000	501	1	15001	4	4840
75542	3	1	10	70600045	0	10	1	5	4000	501	2	15001	4	5380
75543	3	1	10	70600045	0	10	1	5	4000	501	3	15001	4	5980
75544	3	1	10	70600045	0	10	1	5	4000	501	4	15001	4	6650
75550	3	1	10	70600045	0	8	3	5	1000	501	0	15001	4	4360
75551	3	1	10	70600045	0	8	3	5	1000	501	1	15001	4	4840
75552	3	1	10	70600045	0	8	3	5	1000	501	2	15001	4	5380
75553	3	1	10	70600045	0	8	3	5	1000	501	3	15001	4	5980
75554	3	1	10	70600045	0	8	3	5	1000	501	4	15001	4	6650
76510	3	1	10	70600045	0	12	4	5	5000	501	0	15002	4	4360
76511	3	1	10	70600045	0	12	4	5	5000	501	1	15002	4	4840
76512	3	1	10	70600045	0	12	4	5	5000	501	2	15002	4	5380
76513	3	1	10	70600045	0	12	4	5	5000	501	3	15002	4	5980
76514	3	1	10	70600045	0	12	4	5	5000	501	4	15002	4	6650
76520	3	1	10	70600045	0	10	5	5	2000	501	0	15002	4	4360
76521	3	1	10	70600045	0	10	5	5	2000	501	1	15002	4	4840
76522	3	1	10	70600045	0	10	5	5	2000	501	2	15002	4	5380
76523	3	1	10	70600045	0	10	5	5	2000	501	3	15002	4	5980
76524	3	1	10	70600045	0	10	5	5	2000	501	4	15002	4	6650
76530	3	1	10	70600045	0	10	2	5	3000	501	0	15002	4	4360
76531	3	1	10	70600045	0	10	2	5	3000	501	1	15002	4	4840
76532	3	1	10	70600045	0	10	2	5	3000	501	2	15002	4	5380
76533	3	1	10	70600045	0	10	2	5	3000	501	3	15002	4	5980
76534	3	1	10	70600045	0	10	2	5	3000	501	4	15002	4	6650
76540	3	1	10	70600045	0	10	1	5	4000	501	0	15002	4	4360
76541	3	1	10	70600045	0	10	1	5	4000	501	1	15002	4	4840
76542	3	1	10	70600045	0	10	1	5	4000	501	2	15002	4	5380
76543	3	1	10	70600045	0	10	1	5	4000	501	3	15002	4	5980
76544	3	1	10	70600045	0	10	1	5	4000	501	4	15002	4	6650
76550	3	1	10	70600045	0	8	3	5	1000	501	0	15002	4	4360
76551	3	1	10	70600045	0	8	3	5	1000	501	1	15002	4	4840
76552	3	1	10	70600045	0	8	3	5	1000	501	2	15002	4	5380
76553	3	1	10	70600045	0	8	3	5	1000	501	3	15002	4	5980
76554	3	1	10	70600045	0	8	3	5	1000	501	4	15002	4	6650
77510	3	1	10	70600045	0	12	4	5	5000	501	0	15003	4	4360
77511	3	1	10	70600045	0	12	4	5	5000	501	1	15003	4	4840
77512	3	1	10	70600045	0	12	4	5	5000	501	2	15003	4	5380
77513	3	1	10	70600045	0	12	4	5	5000	501	3	15003	4	5980
77514	3	1	10	70600045	0	12	4	5	5000	501	4	15003	4	6650
77520	3	1	10	70600045	0	10	5	5	2000	501	0	15003	4	4360
77521	3	1	10	70600045	0	10	5	5	2000	501	1	15003	4	4840
77522	3	1	10	70600045	0	10	5	5	2000	501	2	15003	4	5380
77523	3	1	10	70600045	0	10	5	5	2000	501	3	15003	4	5980
77524	3	1	10	70600045	0	10	5	5	2000	501	4	15003	4	6650
77530	3	1	10	70600045	0	10	2	5	3000	501	0	15003	4	4360
77531	3	1	10	70600045	0	10	2	5	3000	501	1	15003	4	4840
77532	3	1	10	70600045	0	10	2	5	3000	501	2	15003	4	5380
77533	3	1	10	70600045	0	10	2	5	3000	501	3	15003	4	5980
77534	3	1	10	70600045	0	10	2	5	3000	501	4	15003	4	6650
77540	3	1	10	70600045	0	10	1	5	4000	501	0	15003	4	4360
77541	3	1	10	70600045	0	10	1	5	4000	501	1	15003	4	4840
77542	3	1	10	70600045	0	10	1	5	4000	501	2	15003	4	5380
77543	3	1	10	70600045	0	10	1	5	4000	501	3	15003	4	5980
77544	3	1	10	70600045	0	10	1	5	4000	501	4	15003	4	6650
77550	3	1	10	70600045	0	8	3	5	1000	501	0	15003	4	4360
77551	3	1	10	70600045	0	8	3	5	1000	501	1	15003	4	4840
77552	3	1	10	70600045	0	8	3	5	1000	501	2	15003	4	5380
77553	3	1	10	70600045	0	8	3	5	1000	501	3	15003	4	5980
77554	3	1	10	70600045	0	8	3	5	1000	501	4	15003	4	6650
78510	3	1	10	70600045	0	12	4	5	5000	501	0	15004	4	4360
78511	3	1	10	70600045	0	12	4	5	5000	501	1	15004	4	4840
78512	3	1	10	70600045	0	12	4	5	5000	501	2	15004	4	5380
78513	3	1	10	70600045	0	12	4	5	5000	501	3	15004	4	5980
78514	3	1	10	70600045	0	12	4	5	5000	501	4	15004	4	6650
78520	3	1	10	70600045	0	10	5	5	2000	501	0	15004	4	4360
78521	3	1	10	70600045	0	10	5	5	2000	501	1	15004	4	4840
78522	3	1	10	70600045	0	10	5	5	2000	501	2	15004	4	5380
78523	3	1	10	70600045	0	10	5	5	2000	501	3	15004	4	5980
78524	3	1	10	70600045	0	10	5	5	2000	501	4	15004	4	6650
78530	3	1	10	70600045	0	10	2	5	3000	501	0	15004	4	4360
78531	3	1	10	70600045	0	10	2	5	3000	501	1	15004	4	4840
78532	3	1	10	70600045	0	10	2	5	3000	501	2	15004	4	5380
78533	3	1	10	70600045	0	10	2	5	3000	501	3	15004	4	5980
78534	3	1	10	70600045	0	10	2	5	3000	501	4	15004	4	6650
78540	3	1	10	70600045	0	10	1	5	4000	501	0	15004	4	4360
78541	3	1	10	70600045	0	10	1	5	4000	501	1	15004	4	4840
78542	3	1	10	70600045	0	10	1	5	4000	501	2	15004	4	5380
78543	3	1	10	70600045	0	10	1	5	4000	501	3	15004	4	5980
78544	3	1	10	70600045	0	10	1	5	4000	501	4	15004	4	6650
78550	3	1	10	70600045	0	8	3	5	1000	501	0	15004	4	4360
78551	3	1	10	70600045	0	8	3	5	1000	501	1	15004	4	4840
78552	3	1	10	70600045	0	8	3	5	1000	501	2	15004	4	5380
78553	3	1	10	70600045	0	8	3	5	1000	501	3	15004	4	5980
78554	3	1	10	70600045	0	8	3	5	1000	501	4	15004	4	6650
79510	3	1	10	70600045	0	12	4	5	5000	501	0	15005	4	4360
79511	3	1	10	70600045	0	12	4	5	5000	501	1	15005	4	4840
79512	3	1	10	70600045	0	12	4	5	5000	501	2	15005	4	5380
79513	3	1	10	70600045	0	12	4	5	5000	501	3	15005	4	5980
79514	3	1	10	70600045	0	12	4	5	5000	501	4	15005	4	6650
79520	3	1	10	70600045	0	10	5	5	2000	501	0	15005	4	4360
79521	3	1	10	70600045	0	10	5	5	2000	501	1	15005	4	4840
79522	3	1	10	70600045	0	10	5	5	2000	501	2	15005	4	5380
79523	3	1	10	70600045	0	10	5	5	2000	501	3	15005	4	5980
79524	3	1	10	70600045	0	10	5	5	2000	501	4	15005	4	6650
79530	3	1	10	70600045	0	10	2	5	3000	501	0	15005	4	4360
79531	3	1	10	70600045	0	10	2	5	3000	501	1	15005	4	4840
79532	3	1	10	70600045	0	10	2	5	3000	501	2	15005	4	5380
79533	3	1	10	70600045	0	10	2	5	3000	501	3	15005	4	5980
79534	3	1	10	70600045	0	10	2	5	3000	501	4	15005	4	6650
79540	3	1	10	70600045	0	10	1	5	4000	501	0	15005	4	4360
79541	3	1	10	70600045	0	10	1	5	4000	501	1	15005	4	4840
79542	3	1	10	70600045	0	10	1	5	4000	501	2	15005	4	5380
79543	3	1	10	70600045	0	10	1	5	4000	501	3	15005	4	5980
79544	3	1	10	70600045	0	10	1	5	4000	501	4	15005	4	6650
79550	3	1	10	70600045	0	8	3	5	1000	501	0	15005	4	4360
79551	3	1	10	70600045	0	8	3	5	1000	501	1	15005	4	4840
79552	3	1	10	70600045	0	8	3	5	1000	501	2	15005	4	5380
79553	3	1	10	70600045	0	8	3	5	1000	501	3	15005	4	5980
79554	3	1	10	70600045	0	8	3	5	1000	501	4	15005	4	6650
80510	3	1	10	70600045	0	12	4	5	5000	501	0	15006	4	4360
80511	3	1	10	70600045	0	12	4	5	5000	501	1	15006	4	4840
80512	3	1	10	70600045	0	12	4	5	5000	501	2	15006	4	5380
80513	3	1	10	70600045	0	12	4	5	5000	501	3	15006	4	5980
80514	3	1	10	70600045	0	12	4	5	5000	501	4	15006	4	6650
80520	3	1	10	70600045	0	10	5	5	2000	501	0	15006	4	4360
80521	3	1	10	70600045	0	10	5	5	2000	501	1	15006	4	4840
80522	3	1	10	70600045	0	10	5	5	2000	501	2	15006	4	5380
80523	3	1	10	70600045	0	10	5	5	2000	501	3	15006	4	5980
80524	3	1	10	70600045	0	10	5	5	2000	501	4	15006	4	6650
80530	3	1	10	70600045	0	10	2	5	3000	501	0	15006	4	4360
80531	3	1	10	70600045	0	10	2	5	3000	501	1	15006	4	4840
80532	3	1	10	70600045	0	10	2	5	3000	501	2	15006	4	5380
80533	3	1	10	70600045	0	10	2	5	3000	501	3	15006	4	5980
80534	3	1	10	70600045	0	10	2	5	3000	501	4	15006	4	6650
80540	3	1	10	70600045	0	10	1	5	4000	501	0	15006	4	4360
80541	3	1	10	70600045	0	10	1	5	4000	501	1	15006	4	4840
80542	3	1	10	70600045	0	10	1	5	4000	501	2	15006	4	5380
80543	3	1	10	70600045	0	10	1	5	4000	501	3	15006	4	5980
80544	3	1	10	70600045	0	10	1	5	4000	501	4	15006	4	6650
80550	3	1	10	70600045	0	8	3	5	1000	501	0	15006	4	4360
80551	3	1	10	70600045	0	8	3	5	1000	501	1	15006	4	4840
80552	3	1	10	70600045	0	8	3	5	1000	501	2	15006	4	5380
80553	3	1	10	70600045	0	8	3	5	1000	501	3	15006	4	5980
80554	3	1	10	70600045	0	8	3	5	1000	501	4	15006	4	6650
81510	3	1	10	70600045	0	12	4	5	5000	501	0	15007	4	4360
81511	3	1	10	70600045	0	12	4	5	5000	501	1	15007	4	4840
81512	3	1	10	70600045	0	12	4	5	5000	501	2	15007	4	5380
81513	3	1	10	70600045	0	12	4	5	5000	501	3	15007	4	5980
81514	3	1	10	70600045	0	12	4	5	5000	501	4	15007	4	6650
81520	3	1	10	70600045	0	10	5	5	2000	501	0	15007	4	4360
81521	3	1	10	70600045	0	10	5	5	2000	501	1	15007	4	4840
81522	3	1	10	70600045	0	10	5	5	2000	501	2	15007	4	5380
81523	3	1	10	70600045	0	10	5	5	2000	501	3	15007	4	5980
81524	3	1	10	70600045	0	10	5	5	2000	501	4	15007	4	6650
81530	3	1	10	70600045	0	10	2	5	3000	501	0	15007	4	4360
81531	3	1	10	70600045	0	10	2	5	3000	501	1	15007	4	4840
81532	3	1	10	70600045	0	10	2	5	3000	501	2	15007	4	5380
81533	3	1	10	70600045	0	10	2	5	3000	501	3	15007	4	5980
81534	3	1	10	70600045	0	10	2	5	3000	501	4	15007	4	6650
81540	3	1	10	70600045	0	10	1	5	4000	501	0	15007	4	4360
81541	3	1	10	70600045	0	10	1	5	4000	501	1	15007	4	4840
81542	3	1	10	70600045	0	10	1	5	4000	501	2	15007	4	5380
81543	3	1	10	70600045	0	10	1	5	4000	501	3	15007	4	5980
81544	3	1	10	70600045	0	10	1	5	4000	501	4	15007	4	6650
81550	3	1	10	70600045	0	8	3	5	1000	501	0	15007	4	4360
81551	3	1	10	70600045	0	8	3	5	1000	501	1	15007	4	4840
81552	3	1	10	70600045	0	8	3	5	1000	501	2	15007	4	5380
81553	3	1	10	70600045	0	8	3	5	1000	501	3	15007	4	5980
81554	3	1	10	70600045	0	8	3	5	1000	501	4	15007	4	6650
82510	3	1	10	70600045	0	12	4	5	5000	501	0	15008	4	4360
82511	3	1	10	70600045	0	12	4	5	5000	501	1	15008	4	4840
82512	3	1	10	70600045	0	12	4	5	5000	501	2	15008	4	5380
82513	3	1	10	70600045	0	12	4	5	5000	501	3	15008	4	5980
82514	3	1	10	70600045	0	12	4	5	5000	501	4	15008	4	6650
82520	3	1	10	70600045	0	10	5	5	2000	501	0	15008	4	4360
82521	3	1	10	70600045	0	10	5	5	2000	501	1	15008	4	4840
82522	3	1	10	70600045	0	10	5	5	2000	501	2	15008	4	5380
82523	3	1	10	70600045	0	10	5	5	2000	501	3	15008	4	5980
82524	3	1	10	70600045	0	10	5	5	2000	501	4	15008	4	6650
82530	3	1	10	70600045	0	10	2	5	3000	501	0	15008	4	4360
82531	3	1	10	70600045	0	10	2	5	3000	501	1	15008	4	4840
82532	3	1	10	70600045	0	10	2	5	3000	501	2	15008	4	5380
82533	3	1	10	70600045	0	10	2	5	3000	501	3	15008	4	5980
82534	3	1	10	70600045	0	10	2	5	3000	501	4	15008	4	6650
82540	3	1	10	70600045	0	10	1	5	4000	501	0	15008	4	4360
82541	3	1	10	70600045	0	10	1	5	4000	501	1	15008	4	4840
82542	3	1	10	70600045	0	10	1	5	4000	501	2	15008	4	5380
82543	3	1	10	70600045	0	10	1	5	4000	501	3	15008	4	5980
82544	3	1	10	70600045	0	10	1	5	4000	501	4	15008	4	6650
82550	3	1	10	70600045	0	8	3	5	1000	501	0	15008	4	4360
82551	3	1	10	70600045	0	8	3	5	1000	501	1	15008	4	4840
82552	3	1	10	70600045	0	8	3	5	1000	501	2	15008	4	5380
82553	3	1	10	70600045	0	8	3	5	1000	501	3	15008	4	5980
82554	3	1	10	70600045	0	8	3	5	1000	501	4	15008	4	6650
